-1.452712 -0.050189 
-1.354368 0.201788 
-1.136582 0.569351 
-0.774778 1.012372 
-0.351373 1.348786 
-0.100313 1.326039 
-0.153929 0.972514 
-0.368666 0.569593 
-0.593764 0.260124 
-0.784638 0.044373 
-0.941110 -0.105009 
-1.070919 -0.208762 
-1.180714 -0.278991 
-1.274676 -0.321495 
-1.354442 -0.337288 
-1.418750 -0.322928 
-1.462312 -0.269773 
-1.473428 -0.162424 
-1.430119 0.022546 
-1.296512 0.312695 
-1.030042 0.715650 
-0.629642 1.151426 
-0.234845 1.388994 
-0.087524 1.230463 
-0.218307 0.830531 
-0.447213 0.453433 
-0.662283 0.178345 
-0.840830 -0.012136 
-0.987444 -0.144304 
-1.109886 -0.235769 
-1.214005 -0.296267 
