2.757328 -0.499217 0.002891 
2.822323 -0.357752 0.003939 
2.859119 -0.150635 0.004971 
2.856264 0.124582 0.005871 
2.779464 0.533952 0.006576 
2.599459 1.015101 0.006555 
2.263705 1.639497 0.005523 
1.692005 2.120728 0.001840 
1.467410 2.179861 0.000172 
1.115304 1.951295 -0.004033 
1.006460 1.400216 -0.006565 
1.128163 0.938684 -0.007202 
1.250802 0.579404 -0.007191 
1.415761 0.207984 -0.006955 
1.561205 -0.002380 -0.006356 
1.694197 -0.193749 -0.005773 
1.817047 -0.311685 -0.005041 
1.934191 -0.429941 -0.004371 
2.032118 -0.516404 -0.003771 
2.124488 -0.575400 -0.003121 
2.213976 -0.623234 -0.002460 
2.303312 -0.661537 -0.001776 
2.394042 -0.676172 -0.001007 
2.478442 -0.676757 -0.000247 
2.563080 -0.659028 0.000587 
2.642827 -0.619073 0.001450 
2.720554 -0.549459 0.002389 
2.790447 -0.440398 0.003383 
2.845753 -0.276254 0.004421 
2.865085 -0.035308 0.005415 
2.833851 0.295565 0.006250 
2.710927 0.752318 0.006692 
2.464882 1.302703 0.006257 
2.065832 1.862729 0.004441 
1.558274 2.197213 0.000936 
1.173225 2.107401 -0.002840 
1.022749 1.687855 -0.005555 
1.050627 1.194605 -0.006952 
1.184907 0.724832 -0.007321 
1.339195 0.375058 -0.007103 
1.487210 0.098663 -0.006683 
1.627634 -0.099042 -0.006067 
1.753377 -0.255829 -0.005437 
1.869797 -0.379306 -0.004787 
1.975706 -0.471681 -0.004136 
2.075759 -0.546036 -0.003470 
2.166690 -0.600169 -0.002814 
2.258124 -0.642314 -0.002122 
2.345950 -0.668427 -0.001414 
2.433184 -0.680533 -0.000669 
2.516959 -0.670191 0.000126 
2.600154 -0.643619 0.000977 
2.680986 -0.590530 0.001894 
2.752522 -0.506290 0.002824 
2.818656 -0.369033 0.003869 
2.858065 -0.169326 0.004898 
2.858257 0.101457 0.005811 
2.788257 0.500876 0.006542 
2.616744 0.978012 0.006589 
2.294559 1.592085 0.005647 
1.758574 2.080881 0.002315 
1.502171 2.187233 0.000511 
1.139175 2.023732 -0.003554 
1.007004 1.457666 -0.006374 
1.120779 0.972913 -0.007154 
1.238428 0.609608 -0.007194 
1.405002 0.228640 -0.006982 
1.551517 0.013552 -0.006391 
1.686382 -0.180053 -0.005799 
1.809609 -0.305339 -0.005088 
1.924737 -0.420754 -0.004427 
2.024528 -0.510430 -0.003820 
2.118144 -0.571601 -0.003166 
2.207439 -0.620439 -0.002510 
2.296939 -0.659453 -0.001826 
2.387870 -0.675400 -0.001060 
2.472865 -0.677432 -0.000300 
2.557096 -0.660758 0.000526 
2.637160 -0.622760 0.001386 
2.715487 -0.555419 0.002324 
2.785682 -0.449919 0.003309 
2.843166 -0.288768 0.004356 
2.865005 -0.052293 0.005357 
2.838674 0.268370 0.006200 
2.721245 0.723575 0.006689 
2.483603 1.265944 0.006310 
2.093563 1.838160 0.004617 
1.562265 2.195783 0.000952 
1.172936 2.110360 -0.002846 
1.025588 1.692580 -0.005519 
1.040419 1.219594 -0.006946 
1.178056 0.745391 -0.007326 
1.329712 0.396170 -0.007120 
1.477392 0.110540 -0.006730 
1.618447 -0.085052 -0.006105 
1.744784 -0.247756 -0.005488 
1.863650 -0.373340 -0.004823 
1.970696 -0.467555 -0.004167 
2.070408 -0.542983 -0.003508 
2.160922 -0.596807 -0.002856 
2.252257 -0.639960 -0.002168 
2.340005 -0.667796 -0.001466 
2.427390 -0.680345 -0.000721 
2.511186 -0.671331 0.000069 
2.594686 -0.646403 0.000918 
2.675409 -0.595160 0.001828 
2.747761 -0.513140 0.002757 
2.815007 -0.380192 0.003799 
2.856813 -0.187414 0.004824 
