-5.999331 0.327996 -0.002276 
-6.265471 0.264714 -0.003048 
-6.539599 0.168114 -0.003825 
-6.802213 0.028199 -0.004542 
-6.997332 -0.162426 -0.005025 
-7.051549 -0.420357 -0.005041 
-6.810122 -0.668525 -0.004165 
-6.213308 -0.944879 -0.002193 
-5.269994 -0.988123 0.000698 
-4.389054 -0.881250 0.003312 
-3.812247 -0.646870 0.004929 
-3.561497 -0.408787 0.005553 
-3.521990 -0.210641 0.005559 
-3.592715 -0.056374 0.005255 
-3.710549 0.057717 0.004832 
-3.853825 0.149160 0.004344 
-4.004660 0.216224 0.003847 
-4.162095 0.271289 0.003337 
-4.321279 0.314399 0.002829 
-4.485525 0.347695 0.002310 
-4.650098 0.372857 0.001796 
-4.823918 0.391359 0.001257 
-5.006264 0.402654 0.000697 
-5.197716 0.406008 0.000114 
-5.402357 0.400664 -0.000505 
-5.623854 0.384139 -0.001168 
-5.864012 0.352466 -0.001879 
-6.121617 0.301710 -0.002633 
-6.393023 0.224647 -0.003413 
-6.665882 0.108877 -0.004175 
-6.905857 -0.053644 -0.004810 
-7.045541 -0.273031 -0.005108 
-6.979582 -0.545535 -0.004750 
-6.558483 -0.807023 -0.003321 
-5.780442 -0.984628 -0.000855 
-4.834900 -0.961877 0.002004 
-4.075059 -0.777941 0.004206 
-3.661690 -0.532832 0.005321 
-3.524557 -0.310556 0.005609 
-3.545783 -0.133671 0.005442 
-3.643110 0.001149 0.005069 
-3.775712 0.103272 0.004607 
-3.923605 0.182849 0.004112 
-4.078365 0.244086 0.003607 
-4.236183 0.292248 0.003100 
-4.397133 0.331125 0.002588 
-4.563076 0.360843 0.002067 
-4.729940 0.382241 0.001548 
-4.908023 0.397609 0.000998 
-5.094090 0.405215 0.000429 
-5.291153 0.404736 -0.000170 
-5.503393 0.394569 -0.000808 
-5.733553 0.371454 -0.001494 
-5.981923 0.331431 -0.002225 
-6.246971 0.269853 -0.002995 
-6.520969 0.175928 -0.003773 
-6.785640 0.039190 -0.004498 
-6.987607 -0.147526 -0.005004 
-7.054100 -0.400411 -0.005060 
-6.840813 -0.649571 -0.004269 
-6.274747 -0.933732 -0.002386 
-5.335190 -0.988846 0.000500 
-4.441430 -0.894044 0.003160 
-3.839906 -0.663646 0.004855 
-3.570282 -0.423799 0.005535 
-3.520553 -0.222615 0.005570 
-3.585929 -0.065530 0.005281 
-3.701388 0.050793 0.004863 
-3.843912 0.143763 0.004377 
-3.993690 0.211712 0.003883 
-4.151504 0.268068 0.003371 
-4.310413 0.311761 0.002863 
-4.474287 0.345749 0.002346 
-4.638762 0.371401 0.001831 
-4.811843 0.390308 0.001295 
-4.993664 0.402137 0.000736 
-5.184398 0.406037 0.000154 
-5.388070 0.401346 -0.000462 
-5.608348 0.385674 -0.001122 
-5.847168 0.355137 -0.001830 
-6.103564 0.305834 -0.002580 
-6.374476 0.231013 -0.003360 
-6.647847 0.118117 -0.004125 
-6.892024 -0.041070 -0.004775 
-7.040571 -0.256070 -0.005102 
-6.999481 -0.530616 -0.004819 
-6.594824 -0.787973 -0.003442 
-5.842238 -0.983466 -0.001043 
-4.896167 -0.968305 0.001822 
-4.115452 -0.794196 0.004093 
-3.679663 -0.549159 0.005275 
-3.527568 -0.324219 0.005608 
-3.541125 -0.144296 0.005463 
-3.635208 -0.006486 0.005098 
-3.765925 0.096952 0.004641 
-3.913303 0.178300 0.004146 
-4.067630 0.240297 0.003642 
-4.225390 0.289203 0.003134 
-4.385989 0.328840 0.002624 
-4.552531 0.359241 0.002100 
-4.718187 0.380961 0.001584 
-4.895709 0.396813 0.001036 
-5.081194 0.404955 0.000468 
-5.277394 0.405048 -0.000128 
-5.488506 0.395621 -0.000764 
-5.717337 0.373515 -0.001446 
-5.964535 0.334765 -0.002174 
-6.228491 0.274858 -0.002942 
-6.502338 0.183576 -0.003721 
