-1.308881 -0.342396 -0.000949 
-1.382229 -0.349148 -0.000253 
-1.439021 -0.321200 0.000517 
-1.472611 -0.251888 0.001340 
-1.467721 -0.114785 0.002239 
-1.399468 0.104305 0.003076 
-1.224943 0.440153 0.003671 
-0.912939 0.865534 0.003485 
-0.490013 1.282079 0.002119 
-0.148528 1.404506 -0.000486 
-0.107759 1.118359 -0.002877 
-0.291019 0.719325 -0.003823 
-0.533799 0.342386 -0.003987 
-0.741756 0.089782 -0.003650 
-0.906199 -0.078252 -0.003165 
-1.041709 -0.192870 -0.002596 
-1.155261 -0.272783 -0.002006 
-1.251504 -0.321540 -0.001381 
-1.335361 -0.346523 -0.000711 
-1.403632 -0.344273 -0.000002 
-1.453027 -0.303285 0.000784 
-1.476789 -0.215746 0.001633 
-1.452765 -0.050433 0.002533 
-1.352733 0.206458 0.003321 
-1.131939 0.582777 0.003726 
-0.770809 1.026486 0.003174 
-0.352782 1.367332 0.001324 
-0.109468 1.342895 -0.001302 
-0.167182 0.978520 -0.003251 
-0.381573 0.561519 -0.003996 
-0.613142 0.240691 -0.003897 
-0.799262 0.028652 -0.003495 
-0.954930 -0.121683 -0.002978 
-1.082213 -0.223812 -0.002402 
-1.189461 -0.292640 -0.001801 
-1.281377 -0.333478 -0.001164 
-1.359964 -0.349258 -0.000481 
-1.422464 -0.335395 0.000251 
-1.464406 -0.279908 0.001063 
-1.475326 -0.169241 0.001940 
-1.431344 0.021022 0.002814 
-1.295084 0.318976 0.003530 
-1.027288 0.725342 0.003661 
-0.629919 1.164273 0.002717 
-0.242825 1.404759 0.000476 
-0.098109 1.245058 -0.002086 
-0.226899 0.832511 -0.003670 
-0.469119 0.432272 -0.004011 
-0.679023 0.161958 -0.003782 
-0.856190 -0.030060 -0.003331 
-0.999828 -0.159056 -0.002785 
-1.120517 -0.250371 -0.002199 
-1.222014 -0.309185 -0.001589 
-1.309738 -0.342566 -0.000942 
-1.382941 -0.349050 -0.000245 
-1.439520 -0.320720 0.000525 
-1.472810 -0.250851 0.001350 
-1.467356 -0.112882 0.002249 
-1.398137 0.107383 0.003084 
-1.222251 0.444513 0.003675 
-0.908712 0.870496 0.003477 
-0.485396 1.285571 0.002097 
-0.146517 1.403165 -0.000515 
-0.108932 1.114063 -0.002895 
-0.293567 0.714749 -0.003829 
-0.536326 0.339044 -0.003985 
-0.743670 0.087691 -0.003645 
-0.907806 -0.079742 -0.003159 
-1.043056 -0.193942 -0.002590 
-1.156373 -0.273472 -0.002000 
-1.252442 -0.321910 -0.001374 
-1.336175 -0.346626 -0.000704 
-1.404275 -0.344041 0.000006 
-1.453428 -0.302613 0.000793 
-1.476833 -0.214433 0.001642 
-1.452196 -0.048294 0.002542 
-1.351165 0.209762 0.003328 
-1.128635 0.587517 0.003726 
-0.766158 1.031489 0.003162 
-0.348719 1.369245 0.001297 
-0.108934 1.340165 -0.001326 
-0.169403 0.973528 -0.003263 
-0.385365 0.556021 -0.003996 
-0.615354 0.238019 -0.003893 
-0.801089 0.026737 -0.003490 
-0.956421 -0.122961 -0.002972 
-1.083465 -0.224724 -0.002396 
-1.190526 -0.293214 -0.001794 
-1.282335 -0.333851 -0.001157 
-1.360719 -0.349329 -0.000473 
-1.423022 -0.335042 0.000259 
-1.464747 -0.279097 0.001072 
-1.475171 -0.167578 0.001950 
-1.430534 0.023443 0.002823 
-1.292995 0.322797 0.003535 
-1.023920 0.729693 0.003658 
-0.625503 1.168091 0.002699 
-0.240167 1.404824 0.000449 
-0.097887 1.241924 -0.002110 
-0.227934 0.829932 -0.003678 
-0.470945 0.429811 -0.004010 
-0.681001 0.159580 -0.003778 
-0.858015 -0.031906 -0.003325 
-1.001212 -0.160174 -0.002778 
-1.121693 -0.251130 -0.002193 
-1.222991 -0.309644 -0.001582 
-1.310590 -0.342732 -0.000934 
-1.383650 -0.348951 -0.000237 
-1.440019 -0.320237 0.000534 
