-5.987511 0.313264 -0.002234 
-6.250348 0.252284 -0.002997 
-6.530304 0.157955 -0.003792 
-6.772851 0.032277 -0.004456 
-6.998632 -0.164661 -0.005025 
-7.025091 -0.408216 -0.004964 
-6.826086 -0.710400 -0.004189 
-6.069132 -0.881462 -0.001790 
-5.221650 -0.999840 0.000849 
-4.280499 -0.837538 0.003618 
-3.810890 -0.638573 0.004926 
-3.514856 -0.417508 0.005695 
-3.498919 -0.194671 0.005614 
-3.568140 -0.057040 0.005323 
-3.666764 0.040841 0.004969 
-3.815640 0.137865 0.004460 
-3.983384 0.207498 0.003910 
-4.076672 0.249796 0.003602 
-4.285123 0.301558 0.002942 
-4.448000 0.335763 0.002428 
-4.624671 0.361757 0.001876 
-4.799041 0.379083 0.001336 
-4.984326 0.390070 0.000767 
-5.181194 0.395740 0.000166 
-5.387199 0.389952 -0.000456 
-5.609565 0.372530 -0.001122 
-5.851809 0.338157 -0.001837 
-6.110889 0.288493 -0.002594 
-6.377041 0.212322 -0.003358 
-6.654419 0.102477 -0.004137 
-6.901567 -0.053821 -0.004796 
-7.035382 -0.273217 -0.005073 
-6.968639 -0.543693 -0.004716 
-6.564736 -0.815379 -0.003335 
-5.712546 -0.960355 -0.000661 
-4.750000 -0.945065 0.002251 
-3.983449 -0.754783 0.004469 
-3.609629 -0.516001 0.005466 
-3.484833 -0.301850 0.005719 
-3.519164 -0.126441 0.005512 
-3.614544 0.002333 0.005149 
-3.741571 0.096558 0.004709 
-3.888136 0.170831 0.004221 
-4.043449 0.232871 0.003712 
-4.177267 0.279275 0.003282 
-4.366923 0.318367 0.002684 
-4.529737 0.348834 0.002172 
-4.705549 0.370540 0.001625 
-4.882419 0.385110 0.001079 
-5.073278 0.393403 0.000495 
-5.273816 0.395800 -0.000115 
-5.487040 0.381831 -0.000755 
-5.718680 0.360240 -0.001446 
-5.969234 0.316559 -0.002181 
-6.232081 0.257743 -0.002944 
-6.510928 0.165311 -0.003738 
-6.759335 0.041582 -0.004420 
-6.988956 -0.149524 -0.005005 
-7.029308 -0.390328 -0.004987 
-6.850841 -0.689724 -0.004276 
-6.132741 -0.873080 -0.001988 
-5.289934 -1.002222 0.000644 
-4.334877 -0.851777 0.003462 
-3.848550 -0.660262 0.004824 
-3.526901 -0.431172 0.005667 
-3.495992 -0.207435 0.005630 
-3.558962 -0.068011 0.005357 
-3.657949 0.034859 0.004999 
-3.806076 0.133433 0.004492 
-3.971611 0.202864 0.003948 
-4.072612 0.247911 0.003615 
-4.274878 0.299422 0.002975 
-4.437058 0.333874 0.002462 
-4.612978 0.360341 0.001912 
-4.787156 0.378079 0.001372 
-4.971248 0.389506 0.000807 
-5.167591 0.395544 0.000207 
-5.372781 0.390919 -0.000413 
-5.594013 0.373958 -0.001075 
-5.834958 0.341226 -0.001788 
-6.093691 0.291952 -0.002544 
-6.357625 0.218886 -0.003303 
-6.637525 0.111115 -0.004091 
-6.885014 -0.040733 -0.004754 
-7.032990 -0.257141 -0.005075 
-6.980121 -0.523050 -0.004763 
-6.614923 -0.804127 -0.003494 
-5.764570 -0.948520 -0.000825 
-4.811452 -0.955415 0.002070 
-4.017978 -0.765378 0.004371 
-3.624092 -0.526631 0.005429 
-3.486380 -0.313636 0.005721 
-3.515568 -0.133655 0.005527 
-3.608982 -0.003148 0.005169 
-3.734341 0.089196 0.004735 
-3.877043 0.165815 0.004257 
-4.037863 0.230139 0.003731 
-4.152212 0.273497 0.003361 
-4.356328 0.315578 0.002718 
-4.517458 0.346950 0.002210 
-4.693959 0.369352 0.001661 
-4.869855 0.384383 0.001118 
-5.060430 0.392996 0.000534 
-5.260202 0.396039 -0.000074 
-5.472667 0.383161 -0.000712 
-5.702604 0.362288 -0.001398 
-5.950874 0.319803 -0.002127 
-6.213914 0.263006 -0.002892 
-6.491559 0.172526 -0.003683 
