-3.269481 -0.205996 0.000879 
-3.551704 -0.214642 0.000198 
-3.812857 -0.209515 -0.000426 
-4.071275 -0.187065 -0.001034 
-4.359595 -0.145199 -0.001704 
-4.617850 -0.070965 -0.002284 
-4.828516 0.047614 -0.002729 
-4.799554 0.208466 -0.002580 
-4.376770 0.362722 -0.001494 
-3.666165 0.430857 0.000244 
-2.943092 0.356306 0.001945 
-2.479138 0.199861 0.002967 
-2.417373 0.062741 0.003056 
-2.521669 -0.031232 0.002754 
-2.651141 -0.097554 0.002412 
-2.826545 -0.140998 0.001972 
-3.010424 -0.175689 0.001514 
-3.227911 -0.197285 0.000983 
-3.311477 -0.209148 0.000775 
-3.650655 -0.213517 -0.000039 
-3.907308 -0.203241 -0.000649 
-4.166277 -0.175947 -0.001256 
-4.456463 -0.122367 -0.001925 
-4.710344 -0.034051 -0.002487 
-4.849028 0.099815 -0.002754 
-4.702716 0.266154 -0.002320 
-4.130584 0.399915 -0.000883 
-3.284651 0.408193 0.001145 
-2.648345 0.285942 0.002605 
-2.424428 0.140680 0.003074 
-2.440586 0.023693 0.002978 
-2.561070 -0.056628 0.002647 
-2.720876 -0.115558 0.002239 
-2.889820 -0.153603 0.001814 
-3.074081 -0.182792 0.001359 
-3.274442 -0.201716 0.000869 
-3.481421 -0.214040 0.000361 
-3.729506 -0.212149 -0.000227 
-3.988804 -0.195973 -0.000841 
-4.266316 -0.161810 -0.001489 
-4.544926 -0.097298 -0.002123 
-4.776768 0.005552 -0.002626 
-4.842068 0.154243 -0.002711 
-4.560103 0.319627 -0.001953 
-3.861217 0.419790 -0.000228 
-3.035900 0.375397 0.001728 
-2.532163 0.236556 0.002854 
-2.415159 0.097779 0.003080 
-2.479135 -0.005042 0.002871 
-2.609458 -0.077324 0.002521 
-2.772769 -0.126356 0.002109 
-2.952518 -0.166247 0.001658 
-3.154521 -0.191507 0.001161 
-3.269446 -0.206111 0.000879 
-3.555270 -0.214624 0.000189 
-3.816031 -0.209345 -0.000433 
-4.073921 -0.186766 -0.001041 
-4.362631 -0.144574 -0.001711 
-4.621264 -0.069824 -0.002292 
-4.829469 0.049191 -0.002731 
-4.797339 0.210333 -0.002574 
-4.369460 0.364034 -0.001476 
-3.657346 0.431074 0.000265 
-2.937422 0.355033 0.001958 
-2.477479 0.198302 0.002970 
-2.417686 0.061482 0.003055 
-2.523422 -0.032480 0.002750 
-2.652871 -0.098228 0.002408 
-2.828767 -0.141537 0.001966 
-3.012595 -0.175952 0.001509 
-3.230239 -0.197443 0.000977 
-3.314552 -0.209246 0.000767 
-3.653210 -0.213467 -0.000045 
-3.910355 -0.203005 -0.000656 
-4.169523 -0.175546 -0.001264 
-4.460023 -0.121450 -0.001933 
-4.712783 -0.032796 -0.002493 
-4.849326 0.101586 -0.002753 
-4.698754 0.267988 -0.002309 
-4.123820 0.400838 -0.000866 
-3.276809 0.407524 0.001164 
-2.643830 0.284612 0.002615 
-2.423654 0.139524 0.003075 
-2.441419 0.022702 0.002976 
-2.562827 -0.057174 0.002642 
-2.722733 -0.115997 0.002234 
-2.892032 -0.153922 0.001809 
-3.075577 -0.183041 0.001355 
-3.275001 -0.201834 0.000868 
-3.482276 -0.214280 0.000359 
-3.732117 -0.212096 -0.000233 
-3.991177 -0.195740 -0.000847 
-4.269393 -0.161317 -0.001496 
-4.547235 -0.096531 -0.002128 
-4.778559 0.006825 -0.002630 
-4.841409 0.155964 -0.002708 
-4.555026 0.321132 -0.001940 
-3.858742 0.420174 -0.000222 
-3.034337 0.375189 0.001732 
-2.529978 0.235529 0.002859 
-2.415162 0.096656 0.003079 
-2.480157 -0.005718 0.002868 
-2.610790 -0.078005 0.002518 
-2.773916 -0.126686 0.002106 
-2.954385 -0.166617 0.001653 
-3.156994 -0.191746 0.001155 
-3.269569 -0.206214 0.000878 
-3.558631 -0.214595 0.000181 
-3.818675 -0.209193 -0.000439 
