2.760727 -0.501745 0.002925 
2.818700 -0.359166 0.003931 
2.850403 -0.150466 0.004934 
2.840803 0.147047 0.005857 
2.759921 0.554077 0.006492 
2.565894 1.074332 0.006472 
2.234426 1.642518 0.005348 
1.777427 2.102280 0.002676 
1.333229 2.228759 -0.001003 
1.087948 1.952359 -0.004199 
1.024222 1.455994 -0.006465 
1.131439 0.956281 -0.007179 
1.285061 0.538083 -0.007183 
1.435061 0.231472 -0.006828 
1.591033 -0.014428 -0.006239 
1.725814 -0.191328 -0.005593 
1.844198 -0.327346 -0.004972 
1.955058 -0.437551 -0.004311 
2.056910 -0.522280 -0.003654 
2.152322 -0.586560 -0.002996 
2.243423 -0.634194 -0.002322 
2.330390 -0.666756 -0.001631 
2.414622 -0.684682 -0.000909 
2.496686 -0.686451 -0.000152 
2.576825 -0.668897 0.000646 
2.654838 -0.626631 0.001500 
2.727316 -0.555414 0.002417 
2.790145 -0.441604 0.003393 
2.837444 -0.271414 0.004402 
2.852565 -0.024820 0.005381 
2.814337 0.322569 0.006209 
2.685911 0.783783 0.006590 
2.429021 1.340295 0.006115 
2.032186 1.884743 0.004301 
1.561959 2.213712 0.001070 
1.182550 2.149425 -0.002644 
1.033033 1.737240 -0.005430 
1.067083 1.215179 -0.006894 
1.199197 0.748136 -0.007256 
1.358773 0.381053 -0.007036 
1.511447 0.107344 -0.006557 
1.651760 -0.103659 -0.005969 
1.782833 -0.261862 -0.005316 
1.896734 -0.381521 -0.004666 
2.003635 -0.479979 -0.004003 
2.101994 -0.554598 -0.003349 
2.195297 -0.610666 -0.002684 
2.284390 -0.651168 -0.002003 
2.369914 -0.676983 -0.001299 
2.453148 -0.687666 -0.000561 
2.534245 -0.680951 0.000214 
2.613567 -0.652641 0.001036 
2.689651 -0.597054 0.001921 
2.757599 -0.512909 0.002857 
2.815471 -0.370664 0.003863 
2.849328 -0.167129 0.004867 
2.843285 0.123533 0.005800 
2.768480 0.522843 0.006465 
2.583298 1.036225 0.006502 
2.261432 1.604840 0.005469 
1.810113 2.079410 0.002901 
1.360213 2.232853 -0.000742 
1.098143 1.980598 -0.004009 
1.018886 1.491131 -0.006392 
1.122418 0.988026 -0.007155 
1.274016 0.563179 -0.007199 
1.426087 0.248824 -0.006855 
1.581736 -0.000215 -0.006278 
1.717278 -0.180327 -0.005632 
1.836444 -0.319126 -0.005016 
1.947811 -0.430897 -0.004356 
2.050247 -0.517212 -0.003699 
2.146005 -0.582784 -0.003041 
2.237391 -0.631456 -0.002368 
2.324600 -0.665005 -0.001679 
2.408980 -0.683951 -0.000960 
2.491192 -0.686894 -0.000204 
2.571447 -0.670797 0.000590 
2.649668 -0.630392 0.001440 
2.722696 -0.561136 0.002353 
2.786035 -0.450784 0.003325 
2.835114 -0.285154 0.004333 
2.852868 -0.044335 0.005318 
2.819302 0.295502 0.006163 
2.698394 0.748817 0.006586 
2.450785 1.301554 0.006184 
2.063249 1.851801 0.004476 
1.591741 2.202663 0.001303 
1.196626 2.169688 -0.002439 
1.039355 1.770567 -0.005260 
1.060134 1.249834 -0.006841 
1.188798 0.777068 -0.007254 
1.348476 0.401917 -0.007061 
1.500243 0.124584 -0.006599 
1.641595 -0.092072 -0.006024 
1.774807 -0.252668 -0.005358 
1.889197 -0.373955 -0.004710 
1.996701 -0.474143 -0.004048 
2.095511 -0.550164 -0.003394 
2.189091 -0.607356 -0.002729 
2.278475 -0.648893 -0.002050 
2.364196 -0.675695 -0.001348 
2.447576 -0.687459 -0.000612 
2.528806 -0.682027 0.000160 
2.608255 -0.655365 0.000978 
2.684683 -0.601756 0.001859 
2.753366 -0.519414 0.002793 
2.812123 -0.381852 0.003794 
2.848079 -0.183398 0.004800 
