-1.304139 -0.330162 -0.000955 
-1.377728 -0.336359 -0.000242 
-1.435725 -0.309669 0.000539 
-1.470998 -0.240947 0.001378 
-1.466923 -0.110863 0.002258 
-1.396514 0.107718 0.003095 
-1.224866 0.435929 0.003658 
-0.915842 0.853176 0.003532 
-0.485407 1.268024 0.002033 
-0.148353 1.380884 -0.000598 
-0.107731 1.104987 -0.002951 
-0.295335 0.691994 -0.003985 
-0.523650 0.348760 -0.004076 
-0.726898 0.106143 -0.003734 
-0.892792 -0.062393 -0.003227 
-1.035834 -0.177350 -0.002650 
-1.147084 -0.258332 -0.002041 
-1.244650 -0.310058 -0.001402 
-1.330602 -0.335438 -0.000720 
-1.399221 -0.331436 0.000014 
-1.450727 -0.292024 0.000814 
-1.475195 -0.205225 0.001672 
-1.452104 -0.048336 0.002551 
-1.352552 0.204827 0.003335 
-1.133389 0.574905 0.003707 
-0.770132 1.016341 0.003153 
-0.347771 1.350608 0.001216 
-0.099671 1.324218 -0.001499 
-0.155553 0.968213 -0.003438 
-0.371244 0.565869 -0.004095 
-0.595918 0.257472 -0.003992 
-0.786554 0.042382 -0.003576 
-0.942279 -0.106498 -0.003039 
-1.072358 -0.209714 -0.002455 
-1.182142 -0.279558 -0.001835 
-1.275710 -0.321882 -0.001178 
-1.355345 -0.337513 -0.000481 
-1.418801 -0.322493 0.000277 
-1.462769 -0.269076 0.001096 
-1.474099 -0.161644 0.001970 
-1.428580 0.025301 0.002835 
-1.295534 0.315103 0.003530 
-1.026886 0.719242 0.003666 
-0.625398 1.155754 0.002660 
-0.231233 1.388796 0.000314 
-0.087954 1.226301 -0.002301 
-0.221001 0.825972 -0.003786 
-0.449425 0.449623 -0.004117 
-0.664677 0.176099 -0.003871 
-0.842317 -0.013942 -0.003402 
-0.989353 -0.145208 -0.002849 
-1.110463 -0.236585 -0.002246 
-1.214774 -0.296920 -0.001618 
-1.305014 -0.330372 -0.000948 
-1.378441 -0.336265 -0.000234 
-1.436244 -0.309176 0.000548 
-1.471204 -0.239917 0.001387 
-1.466573 -0.109031 0.002267 
-1.395289 0.110625 0.003103 
-1.222242 0.440157 0.003661 
-0.911174 0.858725 0.003522 
-0.480850 1.271317 0.002009 
-0.146225 1.379814 -0.000627 
-0.108846 1.100730 -0.002970 
-0.297746 0.687776 -0.003990 
-0.526037 0.345637 -0.004074 
-0.728881 0.103964 -0.003729 
-0.894403 -0.063899 -0.003221 
-1.037735 -0.179571 -0.002641 
-1.148272 -0.258977 -0.002034 
-1.245632 -0.310466 -0.001395 
-1.331414 -0.335558 -0.000713 
-1.399876 -0.331213 0.000022 
-1.451159 -0.291385 0.000823 
-1.475249 -0.203961 0.001682 
-1.451494 -0.046162 0.002560 
-1.350949 0.208135 0.003342 
-1.130174 0.579511 0.003707 
-0.765510 1.021155 0.003139 
-0.343722 1.352430 0.001189 
-0.098734 1.321696 -0.001526 
-0.157449 0.963851 -0.003450 
-0.373612 0.562153 -0.004097 
-0.598135 0.254775 -0.003988 
-0.788375 0.040499 -0.003571 
-0.943814 -0.107796 -0.003033 
-1.073556 -0.210643 -0.002448 
-1.183228 -0.280208 -0.001828 
-1.276704 -0.322233 -0.001171 
-1.356107 -0.337525 -0.000473 
-1.419390 -0.322140 0.000286 
-1.463097 -0.268242 0.001105 
-1.473965 -0.160113 0.001979 
-1.427675 0.027839 0.002844 
-1.293467 0.318854 0.003535 
-1.023372 0.723723 0.003664 
-0.620776 1.159818 0.002642 
-0.227966 1.389280 0.000284 
-0.088153 1.222619 -0.002324 
-0.223482 0.821483 -0.003794 
-0.451918 0.446101 -0.004116 
-0.666800 0.173655 -0.003867 
-0.844034 -0.015630 -0.003396 
-0.990811 -0.146376 -0.002843 
-1.111683 -0.237368 -0.002240 
-1.215760 -0.297380 -0.001611 
-1.305886 -0.330579 -0.000940 
-1.379151 -0.336167 -0.000226 
-1.436761 -0.308679 0.000556 
