-3.332357 -0.202901 0.000718 
-3.551907 -0.210617 0.000177 
-3.797723 -0.205835 -0.000399 
-4.051646 -0.191989 -0.001008 
-4.345343 -0.146508 -0.001678 
-4.619167 -0.071932 -0.002307 
-4.822164 0.045021 -0.002701 
-4.811968 0.204550 -0.002595 
-4.394243 0.363264 -0.001508 
-3.597462 0.424607 0.000438 
-2.846321 0.341006 0.002190 
-2.488828 0.197608 0.002957 
-2.429617 0.069662 0.003037 
-2.507967 -0.020928 0.002791 
-2.653540 -0.088236 0.002397 
-2.821593 -0.135035 0.001972 
-3.001327 -0.168679 0.001527 
-3.194687 -0.192730 0.001048 
-3.405822 -0.206749 0.000535 
-3.631935 -0.210646 -0.000012 
-3.885056 -0.200778 -0.000608 
-4.150053 -0.176829 -0.001242 
-4.442149 -0.125708 -0.001897 
-4.704747 -0.038160 -0.002483 
-4.855786 0.094671 -0.002766 
-4.722844 0.262258 -0.002350 
-4.153682 0.399669 -0.000910 
-3.313240 0.410238 0.001111 
-2.681309 0.293857 0.002559 
-2.441258 0.150613 0.003044 
-2.447569 0.036271 0.002969 
-2.556468 -0.046163 0.002662 
-2.708308 -0.104963 0.002264 
-2.880138 -0.147563 0.001828 
-3.065637 -0.177763 0.001366 
-3.264327 -0.198367 0.000880 
-3.478256 -0.209247 0.000357 
-3.714137 -0.209612 -0.000203 
-3.971485 -0.196046 -0.000815 
-4.250487 -0.162738 -0.001466 
-4.536143 -0.100757 -0.002110 
-4.774172 0.001377 -0.002625 
-4.853075 0.149087 -0.002726 
-4.581572 0.317031 -0.001982 
-3.878529 0.420975 -0.000237 
-3.055930 0.380697 0.001707 
-2.561923 0.244267 0.002815 
-2.426013 0.108118 0.003066 
-2.475312 0.005379 0.002883 
-2.604617 -0.068185 0.002534 
-2.764623 -0.120802 0.002120 
-2.941014 -0.158726 0.001676 
-3.130516 -0.185941 0.001206 
-3.334670 -0.203046 0.000712 
-3.554483 -0.210636 0.000171 
-3.800551 -0.205684 -0.000406 
-4.054192 -0.191860 -0.001014 
-4.348520 -0.145899 -0.001685 
-4.621898 -0.070921 -0.002313 
-4.823511 0.046528 -0.002704 
-4.809895 0.206398 -0.002589 
-4.387279 0.364628 -0.001491 
-3.588206 0.424429 0.000461 
-2.840200 0.339579 0.002204 
-2.486770 0.196046 0.002961 
-2.429985 0.068484 0.003035 
-2.509482 -0.021778 0.002787 
-2.655102 -0.088879 0.002393 
-2.823495 -0.135474 0.001967 
-3.003339 -0.168983 0.001522 
-3.196842 -0.192931 0.001042 
-3.408150 -0.206848 0.000530 
-3.634489 -0.210627 -0.000018 
-3.887804 -0.200619 -0.000615 
-4.153464 -0.176156 -0.001250 
-4.445217 -0.124965 -0.001904 
-4.707273 -0.036954 -0.002488 
-4.856285 0.096374 -0.002766 
-4.719130 0.264101 -0.002340 
-4.145247 0.400608 -0.000889 
-3.304486 0.409512 0.001132 
-2.676838 0.292294 0.002568 
-2.440497 0.149250 0.003046 
-2.448571 0.035383 0.002965 
-2.558002 -0.046908 0.002658 
-2.710069 -0.105485 0.002260 
-2.882027 -0.147932 0.001823 
-3.067735 -0.178035 0.001361 
-3.266564 -0.198529 0.000875 
-3.480568 -0.209308 0.000352 
-3.716799 -0.209567 -0.000210 
-3.974222 -0.195904 -0.000821 
-4.253595 -0.162270 -0.001473 
-4.539082 -0.099895 -0.002116 
-4.775902 0.002723 -0.002627 
-4.852364 0.150866 -0.002723 
-4.576192 0.318663 -0.001968 
-3.869415 0.421366 -0.000215 
-3.048417 0.379549 0.001725 
-2.559227 0.242780 0.002820 
-2.425854 0.106802 0.003066 
-2.476129 0.004487 0.002880 
-2.606228 -0.068837 0.002529 
-2.766433 -0.121281 0.002115 
-2.942977 -0.159065 0.001671 
-3.132582 -0.186178 0.001201 
-3.336968 -0.203191 0.000706 
-3.557017 -0.210652 0.000165 
-3.803342 -0.205529 -0.000413 
