0.998932 0.569370 0.994042 
0.977988 0.676409 0.964973 
0.943441 0.757743 0.924285 
0.902863 0.820045 0.878995 
0.859661 0.868399 0.832099 
0.815228 0.906342 0.784849 
0.769976 0.936249 0.737339 
0.723828 0.959661 0.689388 
0.676436 0.977505 0.640653 
0.627291 0.990227 0.590580 
0.977988 0.676409 0.964973 
0.943441 0.757743 0.924285 
0.902863 0.820045 0.878995 
0.859661 0.868399 0.832099 
0.815228 0.906342 0.784849 
0.769976 0.936249 0.737339 
0.723828 0.959661 0.689388 
0.676436 0.977505 0.640653 
0.627291 0.990227 0.590580 
0.575771 0.997844 0.538522 
0.943441 0.757743 0.924285 
0.902863 0.820045 0.878995 
0.859661 0.868399 0.832099 
0.815228 0.906342 0.784849 
0.769976 0.936249 0.737339 
0.723828 0.959661 0.689388 
0.676436 0.977505 0.640653 
0.627291 0.990227 0.590580 
0.575771 0.997844 0.538522 
0.521166 0.999931 0.483714 
0.902863 0.820045 0.878995 
0.859661 0.868399 0.832099 
0.815228 0.906342 0.784849 
0.769976 0.936249 0.737339 
0.723828 0.959661 0.689388 
0.676436 0.977505 0.640653 
0.627291 0.990227 0.590580 
0.575771 0.997844 0.538522 
0.521166 0.999931 0.483714 
0.462714 0.995551 0.425592 
0.859661 0.868399 0.832099 
0.815228 0.906342 0.784849 
0.769976 0.936249 0.737339 
0.723828 0.959661 0.689388 
0.676436 0.977505 0.640653 
0.627291 0.990227 0.590580 
0.575771 0.997844 0.538522 
0.521166 0.999931 0.483714 
0.462714 0.995551 0.425592 
0.399667 0.983107 0.363488 
0.815228 0.906342 0.784849 
0.769976 0.936249 0.737339 
0.723828 0.959661 0.689388 
0.676436 0.977505 0.640653 
0.627291 0.990227 0.590580 
0.575771 0.997844 0.538522 
0.521166 0.999931 0.483714 
0.462714 0.995551 0.425592 
0.399667 0.983107 0.363488 
0.331459 0.960101 0.297038 
0.769976 0.936249 0.737339 
0.723828 0.959661 0.689388 
0.676436 0.977505 0.640653 
0.627291 0.990227 0.590580 
0.575771 0.997844 0.538522 
0.521166 0.999931 0.483714 
0.462714 0.995551 0.425592 
0.399667 0.983107 0.363488 
0.331459 0.960101 0.297038 
0.258067 0.922804 0.226411 
0.723828 0.959661 0.689388 
0.676436 0.977505 0.640653 
0.627291 0.990227 0.590580 
0.575771 0.997844 0.538522 
0.521166 0.999931 0.483714 
0.462714 0.995551 0.425592 
0.399667 0.983107 0.363488 
0.331459 0.960101 0.297038 
0.258067 0.922804 0.226411 
0.180791 0.865868 0.153417 
0.676436 0.977505 0.640653 
0.627291 0.990227 0.590580 
0.575771 0.997844 0.538522 
0.521166 0.999931 0.483714 
0.462714 0.995551 0.425592 
0.399667 0.983107 0.363488 
0.331459 0.960101 0.297038 
0.258067 0.922804 0.226411 
0.180791 0.865868 0.153417 
0.103797 0.782126 0.082818 
0.627291 0.990227 0.590580 
0.575771 0.997844 0.538522 
0.521166 0.999931 0.483714 
0.462714 0.995551 0.425592 
0.399667 0.983107 0.363488 
0.331459 0.960101 0.297038 
0.258067 0.922804 0.226411 
0.180791 0.865868 0.153417 
0.103797 0.782126 0.082818 
0.036953 0.663367 0.024905 
0.575771 0.997844 0.538522 
0.521166 0.999931 0.483714 
0.462714 0.995551 0.425592 
0.399667 0.983107 0.363488 
0.331459 0.960101 0.297038 
0.258067 0.922804 0.226411 
0.180791 0.865868 0.153417 
0.103797 0.782126 0.082818 
0.036953 0.663367 0.024905 
0.000000 0.504041 0.000000 
0.521166 0.999931 0.483714 
0.462714 0.995551 0.425592 
0.399667 0.983107 0.363488 
0.331459 0.960101 0.297038 
0.258067 0.922804 0.226411 
0.180791 0.865868 0.153417 
0.103797 0.782126 0.082818 
0.036953 0.663367 0.024905 
0.000000 0.504041 0.000000 
0.025372 0.311354 0.039854 
0.462714 0.995551 0.425592 
0.399667 0.983107 0.363488 
0.331459 0.960101 0.297038 
0.258067 0.922804 0.226411 
0.180791 0.865868 0.153417 
0.103797 0.782126 0.082818 
0.036953 0.663367 0.024905 
0.000000 0.504041 0.000000 
0.025372 0.311354 0.039854 
0.149411 0.122224 0.178187 
0.399667 0.983107 0.363488 
0.331459 0.960101 0.297038 
0.258067 0.922804 0.226411 
0.180791 0.865868 0.153417 
0.103797 0.782126 0.082818 
0.036953 0.663367 0.024905 
0.000000 0.504041 0.000000 
0.025372 0.311354 0.039854 
0.149411 0.122224 0.178187 
0.377422 0.008490 0.414852 
0.331459 0.960101 0.297038 
0.258067 0.922804 0.226411 
0.180791 0.865868 0.153417 
0.103797 0.782126 0.082818 
0.036953 0.663367 0.024905 
0.000000 0.504041 0.000000 
0.025372 0.311354 0.039854 
0.149411 0.122224 0.178187 
0.377422 0.008490 0.414852 
0.644794 0.030704 0.680508 
0.258067 0.922804 0.226411 
0.180791 0.865868 0.153417 
0.103797 0.782126 0.082818 
0.036953 0.663367 0.024905 
0.000000 0.504041 0.000000 
0.025372 0.311354 0.039854 
0.149411 0.122224 0.178187 
0.377422 0.008490 0.414852 
0.644794 0.030704 0.680508 
0.854097 0.168226 0.879449 
0.180791 0.865868 0.153417 
0.103797 0.782126 0.082818 
0.036953 0.663367 0.024905 
0.000000 0.504041 0.000000 
0.025372 0.311354 0.039854 
0.149411 0.122224 0.178187 
0.377422 0.008490 0.414852 
0.644794 0.030704 0.680508 
0.854097 0.168226 0.879449 
0.964966 0.342812 0.977169 
0.103797 0.782126 0.082818 
0.036953 0.663367 0.024905 
0.000000 0.504041 0.000000 
0.025372 0.311354 0.039854 
0.149411 0.122224 0.178187 
0.377422 0.008490 0.414852 
0.644794 0.030704 0.680508 
0.854097 0.168226 0.879449 
0.964966 0.342812 0.977169 
0.999601 0.499321 0.999964 
0.036953 0.663367 0.024905 
0.000000 0.504041 0.000000 
0.025372 0.311354 0.039854 
0.149411 0.122224 0.178187 
0.377422 0.008490 0.414852 
0.644794 0.030704 0.680508 
0.854097 0.168226 0.879449 
0.964966 0.342812 0.977169 
0.999601 0.499321 0.999964 
0.991610 0.622923 0.982619 
0.000000 0.504041 0.000000 
0.025372 0.311354 0.039854 
0.149411 0.122224 0.178187 
0.377422 0.008490 0.414852 
0.644794 0.030704 0.680508 
0.854097 0.168226 0.879449 
0.964966 0.342812 0.977169 
0.999601 0.499321 0.999964 
0.991610 0.622923 0.982619 
0.962984 0.717081 0.946997 
0.025372 0.311354 0.039854 
0.149411 0.122224 0.178187 
0.377422 0.008490 0.414852 
0.644794 0.030704 0.680508 
0.854097 0.168226 0.879449 
0.964966 0.342812 0.977169 
0.999601 0.499321 0.999964 
0.991610 0.622923 0.982619 
0.962984 0.717081 0.946997 
0.925006 0.788801 0.903492 
0.149411 0.122224 0.178187 
0.377422 0.008490 0.414852 
0.644794 0.030704 0.680508 
0.854097 0.168226 0.879449 
0.964966 0.342812 0.977169 
0.999601 0.499321 0.999964 
0.991610 0.622923 0.982619 
0.962984 0.717081 0.946997 
0.925006 0.788801 0.903492 
0.882936 0.844072 0.857244 
0.377422 0.008490 0.414852 
0.644794 0.030704 0.680508 
0.854097 0.168226 0.879449 
0.964966 0.342812 0.977169 
0.999601 0.499321 0.999964 
0.991610 0.622923 0.982619 
0.962984 0.717081 0.946997 
0.925006 0.788801 0.903492 
0.882936 0.844072 0.857244 
0.839063 0.887212 0.810140 
0.644794 0.030704 0.680508 
0.854097 0.168226 0.879449 
0.964966 0.342812 0.977169 
0.999601 0.499321 0.999964 
0.991610 0.622923 0.982619 
0.962984 0.717081 0.946997 
0.925006 0.788801 0.903492 
0.882936 0.844072 0.857244 
0.839063 0.887212 0.810140 
0.794234 0.921172 0.762730 
0.854097 0.168226 0.879449 
0.964966 0.342812 0.977169 
0.999601 0.499321 0.999964 
0.991610 0.622923 0.982619 
0.962984 0.717081 0.946997 
0.925006 0.788801 0.903492 
0.882936 0.844072 0.857244 
0.839063 0.887212 0.810140 
0.794234 0.921172 0.762730 
0.748595 0.947901 0.715083 
0.964966 0.342812 0.977169 
0.999601 0.499321 0.999964 
0.991610 0.622923 0.982619 
0.962984 0.717081 0.946997 
0.925006 0.788801 0.903492 
0.882936 0.844072 0.857244 
0.839063 0.887212 0.810140 
0.794234 0.921172 0.762730 
0.748595 0.947901 0.715083 
0.701921 0.968633 0.666781 
0.999601 0.499321 0.999964 
0.991610 0.622923 0.982619 
0.962984 0.717081 0.946997 
0.925006 0.788801 0.903492 
0.882936 0.844072 0.857244 
0.839063 0.887212 0.810140 
0.794234 0.921172 0.762730 
0.748595 0.947901 0.715083 
0.701921 0.968633 0.666781 
0.653783 0.984061 0.617559 
0.991610 0.622923 0.982619 
0.962984 0.717081 0.946997 
0.925006 0.788801 0.903492 
0.882936 0.844072 0.857244 
0.839063 0.887212 0.810140 
0.794234 0.921172 0.762730 
0.748595 0.947901 0.715083 
0.701921 0.968633 0.666781 
0.653783 0.984061 0.617559 
0.603614 0.994428 0.566561 
0.962984 0.717081 0.946997 
0.925006 0.788801 0.903492 
0.882936 0.844072 0.857244 
0.839063 0.887212 0.810140 
0.794234 0.921172 0.762730 
0.748595 0.947901 0.715083 
0.701921 0.968633 0.666781 
0.653783 0.984061 0.617559 
0.603614 0.994428 0.566561 
0.550749 0.999548 0.513339 
0.925006 0.788801 0.903492 
0.882936 0.844072 0.857244 
0.839063 0.887212 0.810140 
0.794234 0.921172 0.762730 
0.748595 0.947901 0.715083 
0.701921 0.968633 0.666781 
0.653783 0.984061 0.617559 
0.603614 0.994428 0.566561 
0.550749 0.999548 0.513339 
0.494447 0.998773 0.457022 
0.882936 0.844072 0.857244 
0.839063 0.887212 0.810140 
0.794234 0.921172 0.762730 
0.748595 0.947901 0.715083 
0.701921 0.968633 0.666781 
0.653783 0.984061 0.617559 
0.603614 0.994428 0.566561 
0.550749 0.999548 0.513339 
0.494447 0.998773 0.457022 
0.433940 0.990881 0.397182 
