-1.452712
-1.354368
-1.136582
-0.774778
-0.351373
-0.100313
-0.153929
-0.368666
-0.593764
-0.784638
-0.941110
-1.070919
-1.180714
-1.274676
-1.354442
-1.418750
-1.462312
-1.473428
-1.430119
-1.296512
-1.030042
-0.629642
-0.234845
-0.087524
-0.218307
-0.447213
-0.662283
-0.840830
-0.987444
-1.109886
-1.214005
-1.303132
-1.377998
-1.436163
-1.470518
-1.466398
-1.397374
-1.223317
-0.907028
-0.483715
-0.148720
-0.108522
-0.292718
-0.523433
-0.726483
-0.893388
-1.031054
-1.146794
-1.245615
-1.329995
-1.399696
-1.450934
-1.474456
-1.452131
-1.352743
-1.133449
-0.770247
-0.347282
-0.099330
-0.155753
-0.371186
-0.596016
-0.786490
-0.942633
-1.072196
-1.181803
-1.275608
-1.355220
-1.419343
-1.462632
-1.473303
-1.429240
-1.294422
-1.026363
-0.624949
-0.231582
-0.087705
-0.220563
-0.449690
-0.664398
-0.842562
-0.988876
-1.111094
-1.215039
-1.304014
-1.378720
-1.436677
-1.470713
-1.466062
-1.396143
-1.220712
