0.020000 0.200000 
0.020000 0.208000 
0.020000 0.216000 
0.020000 0.224000 
0.020000 0.232000 
0.020000 0.240000 
0.020000 0.248000 
0.020000 0.256000 
0.020000 0.264000 
0.020000 0.272000 
0.020000 0.280000 
0.020000 0.288000 
0.020000 0.296000 
0.020000 0.304000 
0.020000 0.312000 
0.020000 0.320000 
0.020000 0.328000 
0.020000 0.336000 
0.020000 0.344000 
0.020000 0.352000 
0.020000 0.360000 
0.020000 0.368000 
0.020000 0.376000 
0.020000 0.384000 
0.020000 0.392000 
0.020000 0.400000 
0.020000 0.408000 
0.020000 0.416000 
0.020000 0.424000 
0.020000 0.432000 
0.020000 0.440000 
0.020000 0.448000 
0.020000 0.456000 
0.020000 0.464000 
0.020000 0.472000 
0.020000 0.480000 
0.020000 0.488000 
0.020000 0.496000 
0.020000 0.504000 
0.020000 0.512000 
0.020000 0.520000 
0.020000 0.528000 
0.020000 0.536000 
0.020000 0.544000 
0.020000 0.552000 
0.020000 0.560000 
0.020000 0.568000 
0.020000 0.576000 
0.020000 0.584000 
0.020000 0.592000 
0.020000 0.600000 
0.023600 0.200000 
0.023600 0.208000 
0.023600 0.216000 
0.023600 0.224000 
0.023600 0.232000 
0.023600 0.240000 
0.023600 0.248000 
0.023600 0.256000 
0.023600 0.264000 
0.023600 0.272000 
0.023600 0.280000 
0.023600 0.288000 
0.023600 0.296000 
0.023600 0.304000 
0.023600 0.312000 
0.023600 0.320000 
0.023600 0.328000 
0.023600 0.336000 
0.023600 0.344000 
0.023600 0.352000 
0.023600 0.360000 
0.023600 0.368000 
0.023600 0.376000 
0.023600 0.384000 
0.023600 0.392000 
0.023600 0.400000 
0.023600 0.408000 
0.023600 0.416000 
0.023600 0.424000 
0.023600 0.432000 
0.023600 0.440000 
0.023600 0.448000 
0.023600 0.456000 
0.023600 0.464000 
0.023600 0.472000 
0.023600 0.480000 
0.023600 0.488000 
0.023600 0.496000 
0.023600 0.504000 
0.023600 0.512000 
0.023600 0.520000 
0.023600 0.528000 
0.023600 0.536000 
0.023600 0.544000 
0.023600 0.552000 
0.023600 0.560000 
0.023600 0.568000 
0.023600 0.576000 
0.023600 0.584000 
0.023600 0.592000 
0.023600 0.600000 
0.027200 0.200000 
0.027200 0.208000 
0.027200 0.216000 
0.027200 0.224000 
0.027200 0.232000 
0.027200 0.240000 
0.027200 0.248000 
0.027200 0.256000 
0.027200 0.264000 
0.027200 0.272000 
0.027200 0.280000 
0.027200 0.288000 
0.027200 0.296000 
0.027200 0.304000 
0.027200 0.312000 
0.027200 0.320000 
0.027200 0.328000 
0.027200 0.336000 
0.027200 0.344000 
0.027200 0.352000 
0.027200 0.360000 
0.027200 0.368000 
0.027200 0.376000 
0.027200 0.384000 
0.027200 0.392000 
0.027200 0.400000 
0.027200 0.408000 
0.027200 0.416000 
0.027200 0.424000 
0.027200 0.432000 
0.027200 0.440000 
0.027200 0.448000 
0.027200 0.456000 
0.027200 0.464000 
0.027200 0.472000 
0.027200 0.480000 
0.027200 0.488000 
0.027200 0.496000 
0.027200 0.504000 
0.027200 0.512000 
0.027200 0.520000 
0.027200 0.528000 
0.027200 0.536000 
0.027200 0.544000 
0.027200 0.552000 
0.027200 0.560000 
0.027200 0.568000 
0.027200 0.576000 
0.027200 0.584000 
0.027200 0.592000 
0.027200 0.600000 
0.030800 0.200000 
0.030800 0.208000 
0.030800 0.216000 
0.030800 0.224000 
0.030800 0.232000 
0.030800 0.240000 
0.030800 0.248000 
0.030800 0.256000 
0.030800 0.264000 
0.030800 0.272000 
0.030800 0.280000 
0.030800 0.288000 
0.030800 0.296000 
0.030800 0.304000 
0.030800 0.312000 
0.030800 0.320000 
0.030800 0.328000 
0.030800 0.336000 
0.030800 0.344000 
0.030800 0.352000 
0.030800 0.360000 
0.030800 0.368000 
0.030800 0.376000 
0.030800 0.384000 
0.030800 0.392000 
0.030800 0.400000 
0.030800 0.408000 
0.030800 0.416000 
0.030800 0.424000 
0.030800 0.432000 
0.030800 0.440000 
0.030800 0.448000 
0.030800 0.456000 
0.030800 0.464000 
0.030800 0.472000 
0.030800 0.480000 
0.030800 0.488000 
0.030800 0.496000 
0.030800 0.504000 
0.030800 0.512000 
0.030800 0.520000 
0.030800 0.528000 
0.030800 0.536000 
0.030800 0.544000 
0.030800 0.552000 
0.030800 0.560000 
0.030800 0.568000 
0.030800 0.576000 
0.030800 0.584000 
0.030800 0.592000 
0.030800 0.600000 
0.034400 0.200000 
0.034400 0.208000 
0.034400 0.216000 
0.034400 0.224000 
0.034400 0.232000 
0.034400 0.240000 
0.034400 0.248000 
0.034400 0.256000 
0.034400 0.264000 
0.034400 0.272000 
0.034400 0.280000 
0.034400 0.288000 
0.034400 0.296000 
0.034400 0.304000 
0.034400 0.312000 
0.034400 0.320000 
0.034400 0.328000 
0.034400 0.336000 
0.034400 0.344000 
0.034400 0.352000 
0.034400 0.360000 
0.034400 0.368000 
0.034400 0.376000 
0.034400 0.384000 
0.034400 0.392000 
0.034400 0.400000 
0.034400 0.408000 
0.034400 0.416000 
0.034400 0.424000 
0.034400 0.432000 
0.034400 0.440000 
0.034400 0.448000 
0.034400 0.456000 
0.034400 0.464000 
0.034400 0.472000 
0.034400 0.480000 
0.034400 0.488000 
0.034400 0.496000 
0.034400 0.504000 
0.034400 0.512000 
0.034400 0.520000 
0.034400 0.528000 
0.034400 0.536000 
0.034400 0.544000 
0.034400 0.552000 
0.034400 0.560000 
0.034400 0.568000 
0.034400 0.576000 
0.034400 0.584000 
0.034400 0.592000 
0.034400 0.600000 
0.038000 0.200000 
0.038000 0.208000 
0.038000 0.216000 
0.038000 0.224000 
0.038000 0.232000 
0.038000 0.240000 
0.038000 0.248000 
0.038000 0.256000 
0.038000 0.264000 
0.038000 0.272000 
0.038000 0.280000 
0.038000 0.288000 
0.038000 0.296000 
0.038000 0.304000 
0.038000 0.312000 
0.038000 0.320000 
0.038000 0.328000 
0.038000 0.336000 
0.038000 0.344000 
0.038000 0.352000 
0.038000 0.360000 
0.038000 0.368000 
0.038000 0.376000 
0.038000 0.384000 
0.038000 0.392000 
0.038000 0.400000 
0.038000 0.408000 
0.038000 0.416000 
0.038000 0.424000 
0.038000 0.432000 
0.038000 0.440000 
0.038000 0.448000 
0.038000 0.456000 
0.038000 0.464000 
0.038000 0.472000 
0.038000 0.480000 
0.038000 0.488000 
0.038000 0.496000 
0.038000 0.504000 
0.038000 0.512000 
0.038000 0.520000 
0.038000 0.528000 
0.038000 0.536000 
0.038000 0.544000 
0.038000 0.552000 
0.038000 0.560000 
0.038000 0.568000 
0.038000 0.576000 
0.038000 0.584000 
0.038000 0.592000 
0.038000 0.600000 
0.041600 0.200000 
0.041600 0.208000 
0.041600 0.216000 
0.041600 0.224000 
0.041600 0.232000 
0.041600 0.240000 
0.041600 0.248000 
0.041600 0.256000 
0.041600 0.264000 
0.041600 0.272000 
0.041600 0.280000 
0.041600 0.288000 
0.041600 0.296000 
0.041600 0.304000 
0.041600 0.312000 
0.041600 0.320000 
0.041600 0.328000 
0.041600 0.336000 
0.041600 0.344000 
0.041600 0.352000 
0.041600 0.360000 
0.041600 0.368000 
0.041600 0.376000 
0.041600 0.384000 
0.041600 0.392000 
0.041600 0.400000 
0.041600 0.408000 
0.041600 0.416000 
0.041600 0.424000 
0.041600 0.432000 
0.041600 0.440000 
0.041600 0.448000 
0.041600 0.456000 
0.041600 0.464000 
0.041600 0.472000 
0.041600 0.480000 
0.041600 0.488000 
0.041600 0.496000 
0.041600 0.504000 
0.041600 0.512000 
0.041600 0.520000 
0.041600 0.528000 
0.041600 0.536000 
0.041600 0.544000 
0.041600 0.552000 
0.041600 0.560000 
0.041600 0.568000 
0.041600 0.576000 
0.041600 0.584000 
0.041600 0.592000 
0.041600 0.600000 
0.045200 0.200000 
0.045200 0.208000 
0.045200 0.216000 
0.045200 0.224000 
0.045200 0.232000 
0.045200 0.240000 
0.045200 0.248000 
0.045200 0.256000 
0.045200 0.264000 
0.045200 0.272000 
0.045200 0.280000 
0.045200 0.288000 
0.045200 0.296000 
0.045200 0.304000 
0.045200 0.312000 
0.045200 0.320000 
0.045200 0.328000 
0.045200 0.336000 
0.045200 0.344000 
0.045200 0.352000 
0.045200 0.360000 
0.045200 0.368000 
0.045200 0.376000 
0.045200 0.384000 
0.045200 0.392000 
0.045200 0.400000 
0.045200 0.408000 
0.045200 0.416000 
0.045200 0.424000 
0.045200 0.432000 
0.045200 0.440000 
0.045200 0.448000 
0.045200 0.456000 
0.045200 0.464000 
0.045200 0.472000 
0.045200 0.480000 
0.045200 0.488000 
0.045200 0.496000 
0.045200 0.504000 
0.045200 0.512000 
0.045200 0.520000 
0.045200 0.528000 
0.045200 0.536000 
0.045200 0.544000 
0.045200 0.552000 
0.045200 0.560000 
0.045200 0.568000 
0.045200 0.576000 
0.045200 0.584000 
0.045200 0.592000 
0.045200 0.600000 
0.048800 0.200000 
0.048800 0.208000 
0.048800 0.216000 
0.048800 0.224000 
0.048800 0.232000 
0.048800 0.240000 
0.048800 0.248000 
0.048800 0.256000 
0.048800 0.264000 
0.048800 0.272000 
0.048800 0.280000 
0.048800 0.288000 
0.048800 0.296000 
0.048800 0.304000 
0.048800 0.312000 
0.048800 0.320000 
0.048800 0.328000 
0.048800 0.336000 
0.048800 0.344000 
0.048800 0.352000 
0.048800 0.360000 
0.048800 0.368000 
0.048800 0.376000 
0.048800 0.384000 
0.048800 0.392000 
0.048800 0.400000 
0.048800 0.408000 
0.048800 0.416000 
0.048800 0.424000 
0.048800 0.432000 
0.048800 0.440000 
0.048800 0.448000 
0.048800 0.456000 
0.048800 0.464000 
0.048800 0.472000 
0.048800 0.480000 
0.048800 0.488000 
0.048800 0.496000 
0.048800 0.504000 
0.048800 0.512000 
0.048800 0.520000 
0.048800 0.528000 
0.048800 0.536000 
0.048800 0.544000 
0.048800 0.552000 
0.048800 0.560000 
0.048800 0.568000 
0.048800 0.576000 
0.048800 0.584000 
0.048800 0.592000 
0.048800 0.600000 
0.052400 0.200000 
0.052400 0.208000 
0.052400 0.216000 
0.052400 0.224000 
0.052400 0.232000 
0.052400 0.240000 
0.052400 0.248000 
0.052400 0.256000 
0.052400 0.264000 
0.052400 0.272000 
0.052400 0.280000 
0.052400 0.288000 
0.052400 0.296000 
0.052400 0.304000 
0.052400 0.312000 
0.052400 0.320000 
0.052400 0.328000 
0.052400 0.336000 
0.052400 0.344000 
0.052400 0.352000 
0.052400 0.360000 
0.052400 0.368000 
0.052400 0.376000 
0.052400 0.384000 
0.052400 0.392000 
0.052400 0.400000 
0.052400 0.408000 
0.052400 0.416000 
0.052400 0.424000 
0.052400 0.432000 
0.052400 0.440000 
0.052400 0.448000 
0.052400 0.456000 
0.052400 0.464000 
0.052400 0.472000 
0.052400 0.480000 
0.052400 0.488000 
0.052400 0.496000 
0.052400 0.504000 
0.052400 0.512000 
0.052400 0.520000 
0.052400 0.528000 
0.052400 0.536000 
0.052400 0.544000 
0.052400 0.552000 
0.052400 0.560000 
0.052400 0.568000 
0.052400 0.576000 
0.052400 0.584000 
0.052400 0.592000 
0.052400 0.600000 
0.056000 0.200000 
0.056000 0.208000 
0.056000 0.216000 
0.056000 0.224000 
0.056000 0.232000 
0.056000 0.240000 
0.056000 0.248000 
0.056000 0.256000 
0.056000 0.264000 
0.056000 0.272000 
0.056000 0.280000 
0.056000 0.288000 
0.056000 0.296000 
0.056000 0.304000 
0.056000 0.312000 
0.056000 0.320000 
0.056000 0.328000 
0.056000 0.336000 
0.056000 0.344000 
0.056000 0.352000 
0.056000 0.360000 
0.056000 0.368000 
0.056000 0.376000 
0.056000 0.384000 
0.056000 0.392000 
0.056000 0.400000 
0.056000 0.408000 
0.056000 0.416000 
0.056000 0.424000 
0.056000 0.432000 
0.056000 0.440000 
0.056000 0.448000 
0.056000 0.456000 
0.056000 0.464000 
0.056000 0.472000 
0.056000 0.480000 
0.056000 0.488000 
0.056000 0.496000 
0.056000 0.504000 
0.056000 0.512000 
0.056000 0.520000 
0.056000 0.528000 
0.056000 0.536000 
0.056000 0.544000 
0.056000 0.552000 
0.056000 0.560000 
0.056000 0.568000 
0.056000 0.576000 
0.056000 0.584000 
0.056000 0.592000 
0.056000 0.600000 
0.059600 0.200000 
0.059600 0.208000 
0.059600 0.216000 
0.059600 0.224000 
0.059600 0.232000 
0.059600 0.240000 
0.059600 0.248000 
0.059600 0.256000 
0.059600 0.264000 
0.059600 0.272000 
0.059600 0.280000 
0.059600 0.288000 
0.059600 0.296000 
0.059600 0.304000 
0.059600 0.312000 
0.059600 0.320000 
0.059600 0.328000 
0.059600 0.336000 
0.059600 0.344000 
0.059600 0.352000 
0.059600 0.360000 
0.059600 0.368000 
0.059600 0.376000 
0.059600 0.384000 
0.059600 0.392000 
0.059600 0.400000 
0.059600 0.408000 
0.059600 0.416000 
0.059600 0.424000 
0.059600 0.432000 
0.059600 0.440000 
0.059600 0.448000 
0.059600 0.456000 
0.059600 0.464000 
0.059600 0.472000 
0.059600 0.480000 
0.059600 0.488000 
0.059600 0.496000 
0.059600 0.504000 
0.059600 0.512000 
0.059600 0.520000 
0.059600 0.528000 
0.059600 0.536000 
0.059600 0.544000 
0.059600 0.552000 
0.059600 0.560000 
0.059600 0.568000 
0.059600 0.576000 
0.059600 0.584000 
0.059600 0.592000 
0.059600 0.600000 
0.063200 0.200000 
0.063200 0.208000 
0.063200 0.216000 
0.063200 0.224000 
0.063200 0.232000 
0.063200 0.240000 
0.063200 0.248000 
0.063200 0.256000 
0.063200 0.264000 
0.063200 0.272000 
0.063200 0.280000 
0.063200 0.288000 
0.063200 0.296000 
0.063200 0.304000 
0.063200 0.312000 
0.063200 0.320000 
0.063200 0.328000 
0.063200 0.336000 
0.063200 0.344000 
0.063200 0.352000 
0.063200 0.360000 
0.063200 0.368000 
0.063200 0.376000 
0.063200 0.384000 
0.063200 0.392000 
0.063200 0.400000 
0.063200 0.408000 
0.063200 0.416000 
0.063200 0.424000 
0.063200 0.432000 
0.063200 0.440000 
0.063200 0.448000 
0.063200 0.456000 
0.063200 0.464000 
0.063200 0.472000 
0.063200 0.480000 
0.063200 0.488000 
0.063200 0.496000 
0.063200 0.504000 
0.063200 0.512000 
0.063200 0.520000 
0.063200 0.528000 
0.063200 0.536000 
0.063200 0.544000 
0.063200 0.552000 
0.063200 0.560000 
0.063200 0.568000 
0.063200 0.576000 
0.063200 0.584000 
0.063200 0.592000 
0.063200 0.600000 
0.066800 0.200000 
0.066800 0.208000 
0.066800 0.216000 
0.066800 0.224000 
0.066800 0.232000 
0.066800 0.240000 
0.066800 0.248000 
0.066800 0.256000 
0.066800 0.264000 
0.066800 0.272000 
0.066800 0.280000 
0.066800 0.288000 
0.066800 0.296000 
0.066800 0.304000 
0.066800 0.312000 
0.066800 0.320000 
0.066800 0.328000 
0.066800 0.336000 
0.066800 0.344000 
0.066800 0.352000 
0.066800 0.360000 
0.066800 0.368000 
0.066800 0.376000 
0.066800 0.384000 
0.066800 0.392000 
0.066800 0.400000 
0.066800 0.408000 
0.066800 0.416000 
0.066800 0.424000 
0.066800 0.432000 
0.066800 0.440000 
0.066800 0.448000 
0.066800 0.456000 
0.066800 0.464000 
0.066800 0.472000 
0.066800 0.480000 
0.066800 0.488000 
0.066800 0.496000 
0.066800 0.504000 
0.066800 0.512000 
0.066800 0.520000 
0.066800 0.528000 
0.066800 0.536000 
0.066800 0.544000 
0.066800 0.552000 
0.066800 0.560000 
0.066800 0.568000 
0.066800 0.576000 
0.066800 0.584000 
0.066800 0.592000 
0.066800 0.600000 
0.070400 0.200000 
0.070400 0.208000 
0.070400 0.216000 
0.070400 0.224000 
0.070400 0.232000 
0.070400 0.240000 
0.070400 0.248000 
0.070400 0.256000 
0.070400 0.264000 
0.070400 0.272000 
0.070400 0.280000 
0.070400 0.288000 
0.070400 0.296000 
0.070400 0.304000 
0.070400 0.312000 
0.070400 0.320000 
0.070400 0.328000 
0.070400 0.336000 
0.070400 0.344000 
0.070400 0.352000 
0.070400 0.360000 
0.070400 0.368000 
0.070400 0.376000 
0.070400 0.384000 
0.070400 0.392000 
0.070400 0.400000 
0.070400 0.408000 
0.070400 0.416000 
0.070400 0.424000 
0.070400 0.432000 
0.070400 0.440000 
0.070400 0.448000 
0.070400 0.456000 
0.070400 0.464000 
0.070400 0.472000 
0.070400 0.480000 
0.070400 0.488000 
0.070400 0.496000 
0.070400 0.504000 
0.070400 0.512000 
0.070400 0.520000 
0.070400 0.528000 
0.070400 0.536000 
0.070400 0.544000 
0.070400 0.552000 
0.070400 0.560000 
0.070400 0.568000 
0.070400 0.576000 
0.070400 0.584000 
0.070400 0.592000 
0.070400 0.600000 
0.074000 0.200000 
0.074000 0.208000 
0.074000 0.216000 
0.074000 0.224000 
0.074000 0.232000 
0.074000 0.240000 
0.074000 0.248000 
0.074000 0.256000 
0.074000 0.264000 
0.074000 0.272000 
0.074000 0.280000 
0.074000 0.288000 
0.074000 0.296000 
0.074000 0.304000 
0.074000 0.312000 
0.074000 0.320000 
0.074000 0.328000 
0.074000 0.336000 
0.074000 0.344000 
0.074000 0.352000 
0.074000 0.360000 
0.074000 0.368000 
0.074000 0.376000 
0.074000 0.384000 
0.074000 0.392000 
0.074000 0.400000 
0.074000 0.408000 
0.074000 0.416000 
0.074000 0.424000 
0.074000 0.432000 
0.074000 0.440000 
0.074000 0.448000 
0.074000 0.456000 
0.074000 0.464000 
0.074000 0.472000 
0.074000 0.480000 
0.074000 0.488000 
0.074000 0.496000 
0.074000 0.504000 
0.074000 0.512000 
0.074000 0.520000 
0.074000 0.528000 
0.074000 0.536000 
0.074000 0.544000 
0.074000 0.552000 
0.074000 0.560000 
0.074000 0.568000 
0.074000 0.576000 
0.074000 0.584000 
0.074000 0.592000 
0.074000 0.600000 
0.077600 0.200000 
0.077600 0.208000 
0.077600 0.216000 
0.077600 0.224000 
0.077600 0.232000 
0.077600 0.240000 
0.077600 0.248000 
0.077600 0.256000 
0.077600 0.264000 
0.077600 0.272000 
0.077600 0.280000 
0.077600 0.288000 
0.077600 0.296000 
0.077600 0.304000 
0.077600 0.312000 
0.077600 0.320000 
0.077600 0.328000 
0.077600 0.336000 
0.077600 0.344000 
0.077600 0.352000 
0.077600 0.360000 
0.077600 0.368000 
0.077600 0.376000 
0.077600 0.384000 
0.077600 0.392000 
0.077600 0.400000 
0.077600 0.408000 
0.077600 0.416000 
0.077600 0.424000 
0.077600 0.432000 
0.077600 0.440000 
0.077600 0.448000 
0.077600 0.456000 
0.077600 0.464000 
0.077600 0.472000 
0.077600 0.480000 
0.077600 0.488000 
0.077600 0.496000 
0.077600 0.504000 
0.077600 0.512000 
0.077600 0.520000 
0.077600 0.528000 
0.077600 0.536000 
0.077600 0.544000 
0.077600 0.552000 
0.077600 0.560000 
0.077600 0.568000 
0.077600 0.576000 
0.077600 0.584000 
0.077600 0.592000 
0.077600 0.600000 
0.081200 0.200000 
0.081200 0.208000 
0.081200 0.216000 
0.081200 0.224000 
0.081200 0.232000 
0.081200 0.240000 
0.081200 0.248000 
0.081200 0.256000 
0.081200 0.264000 
0.081200 0.272000 
0.081200 0.280000 
0.081200 0.288000 
0.081200 0.296000 
0.081200 0.304000 
0.081200 0.312000 
0.081200 0.320000 
0.081200 0.328000 
0.081200 0.336000 
0.081200 0.344000 
0.081200 0.352000 
0.081200 0.360000 
0.081200 0.368000 
0.081200 0.376000 
0.081200 0.384000 
0.081200 0.392000 
0.081200 0.400000 
0.081200 0.408000 
0.081200 0.416000 
0.081200 0.424000 
0.081200 0.432000 
0.081200 0.440000 
0.081200 0.448000 
0.081200 0.456000 
0.081200 0.464000 
0.081200 0.472000 
0.081200 0.480000 
0.081200 0.488000 
0.081200 0.496000 
0.081200 0.504000 
0.081200 0.512000 
0.081200 0.520000 
0.081200 0.528000 
0.081200 0.536000 
0.081200 0.544000 
0.081200 0.552000 
0.081200 0.560000 
0.081200 0.568000 
0.081200 0.576000 
0.081200 0.584000 
0.081200 0.592000 
0.081200 0.600000 
0.084800 0.200000 
0.084800 0.208000 
0.084800 0.216000 
0.084800 0.224000 
0.084800 0.232000 
0.084800 0.240000 
0.084800 0.248000 
0.084800 0.256000 
0.084800 0.264000 
0.084800 0.272000 
0.084800 0.280000 
0.084800 0.288000 
0.084800 0.296000 
0.084800 0.304000 
0.084800 0.312000 
0.084800 0.320000 
0.084800 0.328000 
0.084800 0.336000 
0.084800 0.344000 
0.084800 0.352000 
0.084800 0.360000 
0.084800 0.368000 
0.084800 0.376000 
0.084800 0.384000 
0.084800 0.392000 
0.084800 0.400000 
0.084800 0.408000 
0.084800 0.416000 
0.084800 0.424000 
0.084800 0.432000 
0.084800 0.440000 
0.084800 0.448000 
0.084800 0.456000 
0.084800 0.464000 
0.084800 0.472000 
0.084800 0.480000 
0.084800 0.488000 
0.084800 0.496000 
0.084800 0.504000 
0.084800 0.512000 
0.084800 0.520000 
0.084800 0.528000 
0.084800 0.536000 
0.084800 0.544000 
0.084800 0.552000 
0.084800 0.560000 
0.084800 0.568000 
0.084800 0.576000 
0.084800 0.584000 
0.084800 0.592000 
0.084800 0.600000 
0.088400 0.200000 
0.088400 0.208000 
0.088400 0.216000 
0.088400 0.224000 
0.088400 0.232000 
0.088400 0.240000 
0.088400 0.248000 
0.088400 0.256000 
0.088400 0.264000 
0.088400 0.272000 
0.088400 0.280000 
0.088400 0.288000 
0.088400 0.296000 
0.088400 0.304000 
0.088400 0.312000 
0.088400 0.320000 
0.088400 0.328000 
0.088400 0.336000 
0.088400 0.344000 
0.088400 0.352000 
0.088400 0.360000 
0.088400 0.368000 
0.088400 0.376000 
0.088400 0.384000 
0.088400 0.392000 
0.088400 0.400000 
0.088400 0.408000 
0.088400 0.416000 
0.088400 0.424000 
0.088400 0.432000 
0.088400 0.440000 
0.088400 0.448000 
0.088400 0.456000 
0.088400 0.464000 
0.088400 0.472000 
0.088400 0.480000 
0.088400 0.488000 
0.088400 0.496000 
0.088400 0.504000 
0.088400 0.512000 
0.088400 0.520000 
0.088400 0.528000 
0.088400 0.536000 
0.088400 0.544000 
0.088400 0.552000 
0.088400 0.560000 
0.088400 0.568000 
0.088400 0.576000 
0.088400 0.584000 
0.088400 0.592000 
0.088400 0.600000 
0.092000 0.200000 
0.092000 0.208000 
0.092000 0.216000 
0.092000 0.224000 
0.092000 0.232000 
0.092000 0.240000 
0.092000 0.248000 
0.092000 0.256000 
0.092000 0.264000 
0.092000 0.272000 
0.092000 0.280000 
0.092000 0.288000 
0.092000 0.296000 
0.092000 0.304000 
0.092000 0.312000 
0.092000 0.320000 
0.092000 0.328000 
0.092000 0.336000 
0.092000 0.344000 
0.092000 0.352000 
0.092000 0.360000 
0.092000 0.368000 
0.092000 0.376000 
0.092000 0.384000 
0.092000 0.392000 
0.092000 0.400000 
0.092000 0.408000 
0.092000 0.416000 
0.092000 0.424000 
0.092000 0.432000 
0.092000 0.440000 
0.092000 0.448000 
0.092000 0.456000 
0.092000 0.464000 
0.092000 0.472000 
0.092000 0.480000 
0.092000 0.488000 
0.092000 0.496000 
0.092000 0.504000 
0.092000 0.512000 
0.092000 0.520000 
0.092000 0.528000 
0.092000 0.536000 
0.092000 0.544000 
0.092000 0.552000 
0.092000 0.560000 
0.092000 0.568000 
0.092000 0.576000 
0.092000 0.584000 
0.092000 0.592000 
0.092000 0.600000 
0.095600 0.200000 
0.095600 0.208000 
0.095600 0.216000 
0.095600 0.224000 
0.095600 0.232000 
0.095600 0.240000 
0.095600 0.248000 
0.095600 0.256000 
0.095600 0.264000 
0.095600 0.272000 
0.095600 0.280000 
0.095600 0.288000 
0.095600 0.296000 
0.095600 0.304000 
0.095600 0.312000 
0.095600 0.320000 
0.095600 0.328000 
0.095600 0.336000 
0.095600 0.344000 
0.095600 0.352000 
0.095600 0.360000 
0.095600 0.368000 
0.095600 0.376000 
0.095600 0.384000 
0.095600 0.392000 
0.095600 0.400000 
0.095600 0.408000 
0.095600 0.416000 
0.095600 0.424000 
0.095600 0.432000 
0.095600 0.440000 
0.095600 0.448000 
0.095600 0.456000 
0.095600 0.464000 
0.095600 0.472000 
0.095600 0.480000 
0.095600 0.488000 
0.095600 0.496000 
0.095600 0.504000 
0.095600 0.512000 
0.095600 0.520000 
0.095600 0.528000 
0.095600 0.536000 
0.095600 0.544000 
0.095600 0.552000 
0.095600 0.560000 
0.095600 0.568000 
0.095600 0.576000 
0.095600 0.584000 
0.095600 0.592000 
0.095600 0.600000 
0.099200 0.200000 
0.099200 0.208000 
0.099200 0.216000 
0.099200 0.224000 
0.099200 0.232000 
0.099200 0.240000 
0.099200 0.248000 
0.099200 0.256000 
0.099200 0.264000 
0.099200 0.272000 
0.099200 0.280000 
0.099200 0.288000 
0.099200 0.296000 
0.099200 0.304000 
0.099200 0.312000 
0.099200 0.320000 
0.099200 0.328000 
0.099200 0.336000 
0.099200 0.344000 
0.099200 0.352000 
0.099200 0.360000 
0.099200 0.368000 
0.099200 0.376000 
0.099200 0.384000 
0.099200 0.392000 
0.099200 0.400000 
0.099200 0.408000 
0.099200 0.416000 
0.099200 0.424000 
0.099200 0.432000 
0.099200 0.440000 
0.099200 0.448000 
0.099200 0.456000 
0.099200 0.464000 
0.099200 0.472000 
0.099200 0.480000 
0.099200 0.488000 
0.099200 0.496000 
0.099200 0.504000 
0.099200 0.512000 
0.099200 0.520000 
0.099200 0.528000 
0.099200 0.536000 
0.099200 0.544000 
0.099200 0.552000 
0.099200 0.560000 
0.099200 0.568000 
0.099200 0.576000 
0.099200 0.584000 
0.099200 0.592000 
0.099200 0.600000 
0.102800 0.200000 
0.102800 0.208000 
0.102800 0.216000 
0.102800 0.224000 
0.102800 0.232000 
0.102800 0.240000 
0.102800 0.248000 
0.102800 0.256000 
0.102800 0.264000 
0.102800 0.272000 
0.102800 0.280000 
0.102800 0.288000 
0.102800 0.296000 
0.102800 0.304000 
0.102800 0.312000 
0.102800 0.320000 
0.102800 0.328000 
0.102800 0.336000 
0.102800 0.344000 
0.102800 0.352000 
0.102800 0.360000 
0.102800 0.368000 
0.102800 0.376000 
0.102800 0.384000 
0.102800 0.392000 
0.102800 0.400000 
0.102800 0.408000 
0.102800 0.416000 
0.102800 0.424000 
0.102800 0.432000 
0.102800 0.440000 
0.102800 0.448000 
0.102800 0.456000 
0.102800 0.464000 
0.102800 0.472000 
0.102800 0.480000 
0.102800 0.488000 
0.102800 0.496000 
0.102800 0.504000 
0.102800 0.512000 
0.102800 0.520000 
0.102800 0.528000 
0.102800 0.536000 
0.102800 0.544000 
0.102800 0.552000 
0.102800 0.560000 
0.102800 0.568000 
0.102800 0.576000 
0.102800 0.584000 
0.102800 0.592000 
0.102800 0.600000 
0.106400 0.200000 
0.106400 0.208000 
0.106400 0.216000 
0.106400 0.224000 
0.106400 0.232000 
0.106400 0.240000 
0.106400 0.248000 
0.106400 0.256000 
0.106400 0.264000 
0.106400 0.272000 
0.106400 0.280000 
0.106400 0.288000 
0.106400 0.296000 
0.106400 0.304000 
0.106400 0.312000 
0.106400 0.320000 
0.106400 0.328000 
0.106400 0.336000 
0.106400 0.344000 
0.106400 0.352000 
0.106400 0.360000 
0.106400 0.368000 
0.106400 0.376000 
0.106400 0.384000 
0.106400 0.392000 
0.106400 0.400000 
0.106400 0.408000 
0.106400 0.416000 
0.106400 0.424000 
0.106400 0.432000 
0.106400 0.440000 
0.106400 0.448000 
0.106400 0.456000 
0.106400 0.464000 
0.106400 0.472000 
0.106400 0.480000 
0.106400 0.488000 
0.106400 0.496000 
0.106400 0.504000 
0.106400 0.512000 
0.106400 0.520000 
0.106400 0.528000 
0.106400 0.536000 
0.106400 0.544000 
0.106400 0.552000 
0.106400 0.560000 
0.106400 0.568000 
0.106400 0.576000 
0.106400 0.584000 
0.106400 0.592000 
0.106400 0.600000 
0.110000 0.200000 
0.110000 0.208000 
0.110000 0.216000 
0.110000 0.224000 
0.110000 0.232000 
0.110000 0.240000 
0.110000 0.248000 
0.110000 0.256000 
0.110000 0.264000 
0.110000 0.272000 
0.110000 0.280000 
0.110000 0.288000 
0.110000 0.296000 
0.110000 0.304000 
0.110000 0.312000 
0.110000 0.320000 
0.110000 0.328000 
0.110000 0.336000 
0.110000 0.344000 
0.110000 0.352000 
0.110000 0.360000 
0.110000 0.368000 
0.110000 0.376000 
0.110000 0.384000 
0.110000 0.392000 
0.110000 0.400000 
0.110000 0.408000 
0.110000 0.416000 
0.110000 0.424000 
0.110000 0.432000 
0.110000 0.440000 
0.110000 0.448000 
0.110000 0.456000 
0.110000 0.464000 
0.110000 0.472000 
0.110000 0.480000 
0.110000 0.488000 
0.110000 0.496000 
0.110000 0.504000 
0.110000 0.512000 
0.110000 0.520000 
0.110000 0.528000 
0.110000 0.536000 
0.110000 0.544000 
0.110000 0.552000 
0.110000 0.560000 
0.110000 0.568000 
0.110000 0.576000 
0.110000 0.584000 
0.110000 0.592000 
0.110000 0.600000 
0.113600 0.200000 
0.113600 0.208000 
0.113600 0.216000 
0.113600 0.224000 
0.113600 0.232000 
0.113600 0.240000 
0.113600 0.248000 
0.113600 0.256000 
0.113600 0.264000 
0.113600 0.272000 
0.113600 0.280000 
0.113600 0.288000 
0.113600 0.296000 
0.113600 0.304000 
0.113600 0.312000 
0.113600 0.320000 
0.113600 0.328000 
0.113600 0.336000 
0.113600 0.344000 
0.113600 0.352000 
0.113600 0.360000 
0.113600 0.368000 
0.113600 0.376000 
0.113600 0.384000 
0.113600 0.392000 
0.113600 0.400000 
0.113600 0.408000 
0.113600 0.416000 
0.113600 0.424000 
0.113600 0.432000 
0.113600 0.440000 
0.113600 0.448000 
0.113600 0.456000 
0.113600 0.464000 
0.113600 0.472000 
0.113600 0.480000 
0.113600 0.488000 
0.113600 0.496000 
0.113600 0.504000 
0.113600 0.512000 
0.113600 0.520000 
0.113600 0.528000 
0.113600 0.536000 
0.113600 0.544000 
0.113600 0.552000 
0.113600 0.560000 
0.113600 0.568000 
0.113600 0.576000 
0.113600 0.584000 
0.113600 0.592000 
0.113600 0.600000 
0.117200 0.200000 
0.117200 0.208000 
0.117200 0.216000 
0.117200 0.224000 
0.117200 0.232000 
0.117200 0.240000 
0.117200 0.248000 
0.117200 0.256000 
0.117200 0.264000 
0.117200 0.272000 
0.117200 0.280000 
0.117200 0.288000 
0.117200 0.296000 
0.117200 0.304000 
0.117200 0.312000 
0.117200 0.320000 
0.117200 0.328000 
0.117200 0.336000 
0.117200 0.344000 
0.117200 0.352000 
0.117200 0.360000 
0.117200 0.368000 
0.117200 0.376000 
0.117200 0.384000 
0.117200 0.392000 
0.117200 0.400000 
0.117200 0.408000 
0.117200 0.416000 
0.117200 0.424000 
0.117200 0.432000 
0.117200 0.440000 
0.117200 0.448000 
0.117200 0.456000 
0.117200 0.464000 
0.117200 0.472000 
0.117200 0.480000 
0.117200 0.488000 
0.117200 0.496000 
0.117200 0.504000 
0.117200 0.512000 
0.117200 0.520000 
0.117200 0.528000 
0.117200 0.536000 
0.117200 0.544000 
0.117200 0.552000 
0.117200 0.560000 
0.117200 0.568000 
0.117200 0.576000 
0.117200 0.584000 
0.117200 0.592000 
0.117200 0.600000 
0.120800 0.200000 
0.120800 0.208000 
0.120800 0.216000 
0.120800 0.224000 
0.120800 0.232000 
0.120800 0.240000 
0.120800 0.248000 
0.120800 0.256000 
0.120800 0.264000 
0.120800 0.272000 
0.120800 0.280000 
0.120800 0.288000 
0.120800 0.296000 
0.120800 0.304000 
0.120800 0.312000 
0.120800 0.320000 
0.120800 0.328000 
0.120800 0.336000 
0.120800 0.344000 
0.120800 0.352000 
0.120800 0.360000 
0.120800 0.368000 
0.120800 0.376000 
0.120800 0.384000 
0.120800 0.392000 
0.120800 0.400000 
0.120800 0.408000 
0.120800 0.416000 
0.120800 0.424000 
0.120800 0.432000 
0.120800 0.440000 
0.120800 0.448000 
0.120800 0.456000 
0.120800 0.464000 
0.120800 0.472000 
0.120800 0.480000 
0.120800 0.488000 
0.120800 0.496000 
0.120800 0.504000 
0.120800 0.512000 
0.120800 0.520000 
0.120800 0.528000 
0.120800 0.536000 
0.120800 0.544000 
0.120800 0.552000 
0.120800 0.560000 
0.120800 0.568000 
0.120800 0.576000 
0.120800 0.584000 
0.120800 0.592000 
0.120800 0.600000 
0.124400 0.200000 
0.124400 0.208000 
0.124400 0.216000 
0.124400 0.224000 
0.124400 0.232000 
0.124400 0.240000 
0.124400 0.248000 
0.124400 0.256000 
0.124400 0.264000 
0.124400 0.272000 
0.124400 0.280000 
0.124400 0.288000 
0.124400 0.296000 
0.124400 0.304000 
0.124400 0.312000 
0.124400 0.320000 
0.124400 0.328000 
0.124400 0.336000 
0.124400 0.344000 
0.124400 0.352000 
0.124400 0.360000 
0.124400 0.368000 
0.124400 0.376000 
0.124400 0.384000 
0.124400 0.392000 
0.124400 0.400000 
0.124400 0.408000 
0.124400 0.416000 
0.124400 0.424000 
0.124400 0.432000 
0.124400 0.440000 
0.124400 0.448000 
0.124400 0.456000 
0.124400 0.464000 
0.124400 0.472000 
0.124400 0.480000 
0.124400 0.488000 
0.124400 0.496000 
0.124400 0.504000 
0.124400 0.512000 
0.124400 0.520000 
0.124400 0.528000 
0.124400 0.536000 
0.124400 0.544000 
0.124400 0.552000 
0.124400 0.560000 
0.124400 0.568000 
0.124400 0.576000 
0.124400 0.584000 
0.124400 0.592000 
0.124400 0.600000 
0.128000 0.200000 
0.128000 0.208000 
0.128000 0.216000 
0.128000 0.224000 
0.128000 0.232000 
0.128000 0.240000 
0.128000 0.248000 
0.128000 0.256000 
0.128000 0.264000 
0.128000 0.272000 
0.128000 0.280000 
0.128000 0.288000 
0.128000 0.296000 
0.128000 0.304000 
0.128000 0.312000 
0.128000 0.320000 
0.128000 0.328000 
0.128000 0.336000 
0.128000 0.344000 
0.128000 0.352000 
0.128000 0.360000 
0.128000 0.368000 
0.128000 0.376000 
0.128000 0.384000 
0.128000 0.392000 
0.128000 0.400000 
0.128000 0.408000 
0.128000 0.416000 
0.128000 0.424000 
0.128000 0.432000 
0.128000 0.440000 
0.128000 0.448000 
0.128000 0.456000 
0.128000 0.464000 
0.128000 0.472000 
0.128000 0.480000 
0.128000 0.488000 
0.128000 0.496000 
0.128000 0.504000 
0.128000 0.512000 
0.128000 0.520000 
0.128000 0.528000 
0.128000 0.536000 
0.128000 0.544000 
0.128000 0.552000 
0.128000 0.560000 
0.128000 0.568000 
0.128000 0.576000 
0.128000 0.584000 
0.128000 0.592000 
0.128000 0.600000 
0.131600 0.200000 
0.131600 0.208000 
0.131600 0.216000 
0.131600 0.224000 
0.131600 0.232000 
0.131600 0.240000 
0.131600 0.248000 
0.131600 0.256000 
0.131600 0.264000 
0.131600 0.272000 
0.131600 0.280000 
0.131600 0.288000 
0.131600 0.296000 
0.131600 0.304000 
0.131600 0.312000 
0.131600 0.320000 
0.131600 0.328000 
0.131600 0.336000 
0.131600 0.344000 
0.131600 0.352000 
0.131600 0.360000 
0.131600 0.368000 
0.131600 0.376000 
0.131600 0.384000 
0.131600 0.392000 
0.131600 0.400000 
0.131600 0.408000 
0.131600 0.416000 
0.131600 0.424000 
0.131600 0.432000 
0.131600 0.440000 
0.131600 0.448000 
0.131600 0.456000 
0.131600 0.464000 
0.131600 0.472000 
0.131600 0.480000 
0.131600 0.488000 
0.131600 0.496000 
0.131600 0.504000 
0.131600 0.512000 
0.131600 0.520000 
0.131600 0.528000 
0.131600 0.536000 
0.131600 0.544000 
0.131600 0.552000 
0.131600 0.560000 
0.131600 0.568000 
0.131600 0.576000 
0.131600 0.584000 
0.131600 0.592000 
0.131600 0.600000 
0.135200 0.200000 
0.135200 0.208000 
0.135200 0.216000 
0.135200 0.224000 
0.135200 0.232000 
0.135200 0.240000 
0.135200 0.248000 
0.135200 0.256000 
0.135200 0.264000 
0.135200 0.272000 
0.135200 0.280000 
0.135200 0.288000 
0.135200 0.296000 
0.135200 0.304000 
0.135200 0.312000 
0.135200 0.320000 
0.135200 0.328000 
0.135200 0.336000 
0.135200 0.344000 
0.135200 0.352000 
0.135200 0.360000 
0.135200 0.368000 
0.135200 0.376000 
0.135200 0.384000 
0.135200 0.392000 
0.135200 0.400000 
0.135200 0.408000 
0.135200 0.416000 
0.135200 0.424000 
0.135200 0.432000 
0.135200 0.440000 
0.135200 0.448000 
0.135200 0.456000 
0.135200 0.464000 
0.135200 0.472000 
0.135200 0.480000 
0.135200 0.488000 
0.135200 0.496000 
0.135200 0.504000 
0.135200 0.512000 
0.135200 0.520000 
0.135200 0.528000 
0.135200 0.536000 
0.135200 0.544000 
0.135200 0.552000 
0.135200 0.560000 
0.135200 0.568000 
0.135200 0.576000 
0.135200 0.584000 
0.135200 0.592000 
0.135200 0.600000 
0.138800 0.200000 
0.138800 0.208000 
0.138800 0.216000 
0.138800 0.224000 
0.138800 0.232000 
0.138800 0.240000 
0.138800 0.248000 
0.138800 0.256000 
0.138800 0.264000 
0.138800 0.272000 
0.138800 0.280000 
0.138800 0.288000 
0.138800 0.296000 
0.138800 0.304000 
0.138800 0.312000 
0.138800 0.320000 
0.138800 0.328000 
0.138800 0.336000 
0.138800 0.344000 
0.138800 0.352000 
0.138800 0.360000 
0.138800 0.368000 
0.138800 0.376000 
0.138800 0.384000 
0.138800 0.392000 
0.138800 0.400000 
0.138800 0.408000 
0.138800 0.416000 
0.138800 0.424000 
0.138800 0.432000 
0.138800 0.440000 
0.138800 0.448000 
0.138800 0.456000 
0.138800 0.464000 
0.138800 0.472000 
0.138800 0.480000 
0.138800 0.488000 
0.138800 0.496000 
0.138800 0.504000 
0.138800 0.512000 
0.138800 0.520000 
0.138800 0.528000 
0.138800 0.536000 
0.138800 0.544000 
0.138800 0.552000 
0.138800 0.560000 
0.138800 0.568000 
0.138800 0.576000 
0.138800 0.584000 
0.138800 0.592000 
0.138800 0.600000 
0.142400 0.200000 
0.142400 0.208000 
0.142400 0.216000 
0.142400 0.224000 
0.142400 0.232000 
0.142400 0.240000 
0.142400 0.248000 
0.142400 0.256000 
0.142400 0.264000 
0.142400 0.272000 
0.142400 0.280000 
0.142400 0.288000 
0.142400 0.296000 
0.142400 0.304000 
0.142400 0.312000 
0.142400 0.320000 
0.142400 0.328000 
0.142400 0.336000 
0.142400 0.344000 
0.142400 0.352000 
0.142400 0.360000 
0.142400 0.368000 
0.142400 0.376000 
0.142400 0.384000 
0.142400 0.392000 
0.142400 0.400000 
0.142400 0.408000 
0.142400 0.416000 
0.142400 0.424000 
0.142400 0.432000 
0.142400 0.440000 
0.142400 0.448000 
0.142400 0.456000 
0.142400 0.464000 
0.142400 0.472000 
0.142400 0.480000 
0.142400 0.488000 
0.142400 0.496000 
0.142400 0.504000 
0.142400 0.512000 
0.142400 0.520000 
0.142400 0.528000 
0.142400 0.536000 
0.142400 0.544000 
0.142400 0.552000 
0.142400 0.560000 
0.142400 0.568000 
0.142400 0.576000 
0.142400 0.584000 
0.142400 0.592000 
0.142400 0.600000 
0.146000 0.200000 
0.146000 0.208000 
0.146000 0.216000 
0.146000 0.224000 
0.146000 0.232000 
0.146000 0.240000 
0.146000 0.248000 
0.146000 0.256000 
0.146000 0.264000 
0.146000 0.272000 
0.146000 0.280000 
0.146000 0.288000 
0.146000 0.296000 
0.146000 0.304000 
0.146000 0.312000 
0.146000 0.320000 
0.146000 0.328000 
0.146000 0.336000 
0.146000 0.344000 
0.146000 0.352000 
0.146000 0.360000 
0.146000 0.368000 
0.146000 0.376000 
0.146000 0.384000 
0.146000 0.392000 
0.146000 0.400000 
0.146000 0.408000 
0.146000 0.416000 
0.146000 0.424000 
0.146000 0.432000 
0.146000 0.440000 
0.146000 0.448000 
0.146000 0.456000 
0.146000 0.464000 
0.146000 0.472000 
0.146000 0.480000 
0.146000 0.488000 
0.146000 0.496000 
0.146000 0.504000 
0.146000 0.512000 
0.146000 0.520000 
0.146000 0.528000 
0.146000 0.536000 
0.146000 0.544000 
0.146000 0.552000 
0.146000 0.560000 
0.146000 0.568000 
0.146000 0.576000 
0.146000 0.584000 
0.146000 0.592000 
0.146000 0.600000 
0.149600 0.200000 
0.149600 0.208000 
0.149600 0.216000 
0.149600 0.224000 
0.149600 0.232000 
0.149600 0.240000 
0.149600 0.248000 
0.149600 0.256000 
0.149600 0.264000 
0.149600 0.272000 
0.149600 0.280000 
0.149600 0.288000 
0.149600 0.296000 
0.149600 0.304000 
0.149600 0.312000 
0.149600 0.320000 
0.149600 0.328000 
0.149600 0.336000 
0.149600 0.344000 
0.149600 0.352000 
0.149600 0.360000 
0.149600 0.368000 
0.149600 0.376000 
0.149600 0.384000 
0.149600 0.392000 
0.149600 0.400000 
0.149600 0.408000 
0.149600 0.416000 
0.149600 0.424000 
0.149600 0.432000 
0.149600 0.440000 
0.149600 0.448000 
0.149600 0.456000 
0.149600 0.464000 
0.149600 0.472000 
0.149600 0.480000 
0.149600 0.488000 
0.149600 0.496000 
0.149600 0.504000 
0.149600 0.512000 
0.149600 0.520000 
0.149600 0.528000 
0.149600 0.536000 
0.149600 0.544000 
0.149600 0.552000 
0.149600 0.560000 
0.149600 0.568000 
0.149600 0.576000 
0.149600 0.584000 
0.149600 0.592000 
0.149600 0.600000 
0.153200 0.200000 
0.153200 0.208000 
0.153200 0.216000 
0.153200 0.224000 
0.153200 0.232000 
0.153200 0.240000 
0.153200 0.248000 
0.153200 0.256000 
0.153200 0.264000 
0.153200 0.272000 
0.153200 0.280000 
0.153200 0.288000 
0.153200 0.296000 
0.153200 0.304000 
0.153200 0.312000 
0.153200 0.320000 
0.153200 0.328000 
0.153200 0.336000 
0.153200 0.344000 
0.153200 0.352000 
0.153200 0.360000 
0.153200 0.368000 
0.153200 0.376000 
0.153200 0.384000 
0.153200 0.392000 
0.153200 0.400000 
0.153200 0.408000 
0.153200 0.416000 
0.153200 0.424000 
0.153200 0.432000 
0.153200 0.440000 
0.153200 0.448000 
0.153200 0.456000 
0.153200 0.464000 
0.153200 0.472000 
0.153200 0.480000 
0.153200 0.488000 
0.153200 0.496000 
0.153200 0.504000 
0.153200 0.512000 
0.153200 0.520000 
0.153200 0.528000 
0.153200 0.536000 
0.153200 0.544000 
0.153200 0.552000 
0.153200 0.560000 
0.153200 0.568000 
0.153200 0.576000 
0.153200 0.584000 
0.153200 0.592000 
0.153200 0.600000 
0.156800 0.200000 
0.156800 0.208000 
0.156800 0.216000 
0.156800 0.224000 
0.156800 0.232000 
0.156800 0.240000 
0.156800 0.248000 
0.156800 0.256000 
0.156800 0.264000 
0.156800 0.272000 
0.156800 0.280000 
0.156800 0.288000 
0.156800 0.296000 
0.156800 0.304000 
0.156800 0.312000 
0.156800 0.320000 
0.156800 0.328000 
0.156800 0.336000 
0.156800 0.344000 
0.156800 0.352000 
0.156800 0.360000 
0.156800 0.368000 
0.156800 0.376000 
0.156800 0.384000 
0.156800 0.392000 
0.156800 0.400000 
0.156800 0.408000 
0.156800 0.416000 
0.156800 0.424000 
0.156800 0.432000 
0.156800 0.440000 
0.156800 0.448000 
0.156800 0.456000 
0.156800 0.464000 
0.156800 0.472000 
0.156800 0.480000 
0.156800 0.488000 
0.156800 0.496000 
0.156800 0.504000 
0.156800 0.512000 
0.156800 0.520000 
0.156800 0.528000 
0.156800 0.536000 
0.156800 0.544000 
0.156800 0.552000 
0.156800 0.560000 
0.156800 0.568000 
0.156800 0.576000 
0.156800 0.584000 
0.156800 0.592000 
0.156800 0.600000 
0.160400 0.200000 
0.160400 0.208000 
0.160400 0.216000 
0.160400 0.224000 
0.160400 0.232000 
0.160400 0.240000 
0.160400 0.248000 
0.160400 0.256000 
0.160400 0.264000 
0.160400 0.272000 
0.160400 0.280000 
0.160400 0.288000 
0.160400 0.296000 
0.160400 0.304000 
0.160400 0.312000 
0.160400 0.320000 
0.160400 0.328000 
0.160400 0.336000 
0.160400 0.344000 
0.160400 0.352000 
0.160400 0.360000 
0.160400 0.368000 
0.160400 0.376000 
0.160400 0.384000 
0.160400 0.392000 
0.160400 0.400000 
0.160400 0.408000 
0.160400 0.416000 
0.160400 0.424000 
0.160400 0.432000 
0.160400 0.440000 
0.160400 0.448000 
0.160400 0.456000 
0.160400 0.464000 
0.160400 0.472000 
0.160400 0.480000 
0.160400 0.488000 
0.160400 0.496000 
0.160400 0.504000 
0.160400 0.512000 
0.160400 0.520000 
0.160400 0.528000 
0.160400 0.536000 
0.160400 0.544000 
0.160400 0.552000 
0.160400 0.560000 
0.160400 0.568000 
0.160400 0.576000 
0.160400 0.584000 
0.160400 0.592000 
0.160400 0.600000 
0.164000 0.200000 
0.164000 0.208000 
0.164000 0.216000 
0.164000 0.224000 
0.164000 0.232000 
0.164000 0.240000 
0.164000 0.248000 
0.164000 0.256000 
0.164000 0.264000 
0.164000 0.272000 
0.164000 0.280000 
0.164000 0.288000 
0.164000 0.296000 
0.164000 0.304000 
0.164000 0.312000 
0.164000 0.320000 
0.164000 0.328000 
0.164000 0.336000 
0.164000 0.344000 
0.164000 0.352000 
0.164000 0.360000 
0.164000 0.368000 
0.164000 0.376000 
0.164000 0.384000 
0.164000 0.392000 
0.164000 0.400000 
0.164000 0.408000 
0.164000 0.416000 
0.164000 0.424000 
0.164000 0.432000 
0.164000 0.440000 
0.164000 0.448000 
0.164000 0.456000 
0.164000 0.464000 
0.164000 0.472000 
0.164000 0.480000 
0.164000 0.488000 
0.164000 0.496000 
0.164000 0.504000 
0.164000 0.512000 
0.164000 0.520000 
0.164000 0.528000 
0.164000 0.536000 
0.164000 0.544000 
0.164000 0.552000 
0.164000 0.560000 
0.164000 0.568000 
0.164000 0.576000 
0.164000 0.584000 
0.164000 0.592000 
0.164000 0.600000 
0.167600 0.200000 
0.167600 0.208000 
0.167600 0.216000 
0.167600 0.224000 
0.167600 0.232000 
0.167600 0.240000 
0.167600 0.248000 
0.167600 0.256000 
0.167600 0.264000 
0.167600 0.272000 
0.167600 0.280000 
0.167600 0.288000 
0.167600 0.296000 
0.167600 0.304000 
0.167600 0.312000 
0.167600 0.320000 
0.167600 0.328000 
0.167600 0.336000 
0.167600 0.344000 
0.167600 0.352000 
0.167600 0.360000 
0.167600 0.368000 
0.167600 0.376000 
0.167600 0.384000 
0.167600 0.392000 
0.167600 0.400000 
0.167600 0.408000 
0.167600 0.416000 
0.167600 0.424000 
0.167600 0.432000 
0.167600 0.440000 
0.167600 0.448000 
0.167600 0.456000 
0.167600 0.464000 
0.167600 0.472000 
0.167600 0.480000 
0.167600 0.488000 
0.167600 0.496000 
0.167600 0.504000 
0.167600 0.512000 
0.167600 0.520000 
0.167600 0.528000 
0.167600 0.536000 
0.167600 0.544000 
0.167600 0.552000 
0.167600 0.560000 
0.167600 0.568000 
0.167600 0.576000 
0.167600 0.584000 
0.167600 0.592000 
0.167600 0.600000 
0.171200 0.200000 
0.171200 0.208000 
0.171200 0.216000 
0.171200 0.224000 
0.171200 0.232000 
0.171200 0.240000 
0.171200 0.248000 
0.171200 0.256000 
0.171200 0.264000 
0.171200 0.272000 
0.171200 0.280000 
0.171200 0.288000 
0.171200 0.296000 
0.171200 0.304000 
0.171200 0.312000 
0.171200 0.320000 
0.171200 0.328000 
0.171200 0.336000 
0.171200 0.344000 
0.171200 0.352000 
0.171200 0.360000 
0.171200 0.368000 
0.171200 0.376000 
0.171200 0.384000 
0.171200 0.392000 
0.171200 0.400000 
0.171200 0.408000 
0.171200 0.416000 
0.171200 0.424000 
0.171200 0.432000 
0.171200 0.440000 
0.171200 0.448000 
0.171200 0.456000 
0.171200 0.464000 
0.171200 0.472000 
0.171200 0.480000 
0.171200 0.488000 
0.171200 0.496000 
0.171200 0.504000 
0.171200 0.512000 
0.171200 0.520000 
0.171200 0.528000 
0.171200 0.536000 
0.171200 0.544000 
0.171200 0.552000 
0.171200 0.560000 
0.171200 0.568000 
0.171200 0.576000 
0.171200 0.584000 
0.171200 0.592000 
0.171200 0.600000 
0.174800 0.200000 
0.174800 0.208000 
0.174800 0.216000 
0.174800 0.224000 
0.174800 0.232000 
0.174800 0.240000 
0.174800 0.248000 
0.174800 0.256000 
0.174800 0.264000 
0.174800 0.272000 
0.174800 0.280000 
0.174800 0.288000 
0.174800 0.296000 
0.174800 0.304000 
0.174800 0.312000 
0.174800 0.320000 
0.174800 0.328000 
0.174800 0.336000 
0.174800 0.344000 
0.174800 0.352000 
0.174800 0.360000 
0.174800 0.368000 
0.174800 0.376000 
0.174800 0.384000 
0.174800 0.392000 
0.174800 0.400000 
0.174800 0.408000 
0.174800 0.416000 
0.174800 0.424000 
0.174800 0.432000 
0.174800 0.440000 
0.174800 0.448000 
0.174800 0.456000 
0.174800 0.464000 
0.174800 0.472000 
0.174800 0.480000 
0.174800 0.488000 
0.174800 0.496000 
0.174800 0.504000 
0.174800 0.512000 
0.174800 0.520000 
0.174800 0.528000 
0.174800 0.536000 
0.174800 0.544000 
0.174800 0.552000 
0.174800 0.560000 
0.174800 0.568000 
0.174800 0.576000 
0.174800 0.584000 
0.174800 0.592000 
0.174800 0.600000 
0.178400 0.200000 
0.178400 0.208000 
0.178400 0.216000 
0.178400 0.224000 
0.178400 0.232000 
0.178400 0.240000 
0.178400 0.248000 
0.178400 0.256000 
0.178400 0.264000 
0.178400 0.272000 
0.178400 0.280000 
0.178400 0.288000 
0.178400 0.296000 
0.178400 0.304000 
0.178400 0.312000 
0.178400 0.320000 
0.178400 0.328000 
0.178400 0.336000 
0.178400 0.344000 
0.178400 0.352000 
0.178400 0.360000 
0.178400 0.368000 
0.178400 0.376000 
0.178400 0.384000 
0.178400 0.392000 
0.178400 0.400000 
0.178400 0.408000 
0.178400 0.416000 
0.178400 0.424000 
0.178400 0.432000 
0.178400 0.440000 
0.178400 0.448000 
0.178400 0.456000 
0.178400 0.464000 
0.178400 0.472000 
0.178400 0.480000 
0.178400 0.488000 
0.178400 0.496000 
0.178400 0.504000 
0.178400 0.512000 
0.178400 0.520000 
0.178400 0.528000 
0.178400 0.536000 
0.178400 0.544000 
0.178400 0.552000 
0.178400 0.560000 
0.178400 0.568000 
0.178400 0.576000 
0.178400 0.584000 
0.178400 0.592000 
0.178400 0.600000 
0.182000 0.200000 
0.182000 0.208000 
0.182000 0.216000 
0.182000 0.224000 
0.182000 0.232000 
0.182000 0.240000 
0.182000 0.248000 
0.182000 0.256000 
0.182000 0.264000 
0.182000 0.272000 
0.182000 0.280000 
0.182000 0.288000 
0.182000 0.296000 
0.182000 0.304000 
0.182000 0.312000 
0.182000 0.320000 
0.182000 0.328000 
0.182000 0.336000 
0.182000 0.344000 
0.182000 0.352000 
0.182000 0.360000 
0.182000 0.368000 
0.182000 0.376000 
0.182000 0.384000 
0.182000 0.392000 
0.182000 0.400000 
0.182000 0.408000 
0.182000 0.416000 
0.182000 0.424000 
0.182000 0.432000 
0.182000 0.440000 
0.182000 0.448000 
0.182000 0.456000 
0.182000 0.464000 
0.182000 0.472000 
0.182000 0.480000 
0.182000 0.488000 
0.182000 0.496000 
0.182000 0.504000 
0.182000 0.512000 
0.182000 0.520000 
0.182000 0.528000 
0.182000 0.536000 
0.182000 0.544000 
0.182000 0.552000 
0.182000 0.560000 
0.182000 0.568000 
0.182000 0.576000 
0.182000 0.584000 
0.182000 0.592000 
0.182000 0.600000 
0.185600 0.200000 
0.185600 0.208000 
0.185600 0.216000 
0.185600 0.224000 
0.185600 0.232000 
0.185600 0.240000 
0.185600 0.248000 
0.185600 0.256000 
0.185600 0.264000 
0.185600 0.272000 
0.185600 0.280000 
0.185600 0.288000 
0.185600 0.296000 
0.185600 0.304000 
0.185600 0.312000 
0.185600 0.320000 
0.185600 0.328000 
0.185600 0.336000 
0.185600 0.344000 
0.185600 0.352000 
0.185600 0.360000 
0.185600 0.368000 
0.185600 0.376000 
0.185600 0.384000 
0.185600 0.392000 
0.185600 0.400000 
0.185600 0.408000 
0.185600 0.416000 
0.185600 0.424000 
0.185600 0.432000 
0.185600 0.440000 
0.185600 0.448000 
0.185600 0.456000 
0.185600 0.464000 
0.185600 0.472000 
0.185600 0.480000 
0.185600 0.488000 
0.185600 0.496000 
0.185600 0.504000 
0.185600 0.512000 
0.185600 0.520000 
0.185600 0.528000 
0.185600 0.536000 
0.185600 0.544000 
0.185600 0.552000 
0.185600 0.560000 
0.185600 0.568000 
0.185600 0.576000 
0.185600 0.584000 
0.185600 0.592000 
0.185600 0.600000 
0.189200 0.200000 
0.189200 0.208000 
0.189200 0.216000 
0.189200 0.224000 
0.189200 0.232000 
0.189200 0.240000 
0.189200 0.248000 
0.189200 0.256000 
0.189200 0.264000 
0.189200 0.272000 
0.189200 0.280000 
0.189200 0.288000 
0.189200 0.296000 
0.189200 0.304000 
0.189200 0.312000 
0.189200 0.320000 
0.189200 0.328000 
0.189200 0.336000 
0.189200 0.344000 
0.189200 0.352000 
0.189200 0.360000 
0.189200 0.368000 
0.189200 0.376000 
0.189200 0.384000 
0.189200 0.392000 
0.189200 0.400000 
0.189200 0.408000 
0.189200 0.416000 
0.189200 0.424000 
0.189200 0.432000 
0.189200 0.440000 
0.189200 0.448000 
0.189200 0.456000 
0.189200 0.464000 
0.189200 0.472000 
0.189200 0.480000 
0.189200 0.488000 
0.189200 0.496000 
0.189200 0.504000 
0.189200 0.512000 
0.189200 0.520000 
0.189200 0.528000 
0.189200 0.536000 
0.189200 0.544000 
0.189200 0.552000 
0.189200 0.560000 
0.189200 0.568000 
0.189200 0.576000 
0.189200 0.584000 
0.189200 0.592000 
0.189200 0.600000 
0.192800 0.200000 
0.192800 0.208000 
0.192800 0.216000 
0.192800 0.224000 
0.192800 0.232000 
0.192800 0.240000 
0.192800 0.248000 
0.192800 0.256000 
0.192800 0.264000 
0.192800 0.272000 
0.192800 0.280000 
0.192800 0.288000 
0.192800 0.296000 
0.192800 0.304000 
0.192800 0.312000 
0.192800 0.320000 
0.192800 0.328000 
0.192800 0.336000 
0.192800 0.344000 
0.192800 0.352000 
0.192800 0.360000 
0.192800 0.368000 
0.192800 0.376000 
0.192800 0.384000 
0.192800 0.392000 
0.192800 0.400000 
0.192800 0.408000 
0.192800 0.416000 
0.192800 0.424000 
0.192800 0.432000 
0.192800 0.440000 
0.192800 0.448000 
0.192800 0.456000 
0.192800 0.464000 
0.192800 0.472000 
0.192800 0.480000 
0.192800 0.488000 
0.192800 0.496000 
0.192800 0.504000 
0.192800 0.512000 
0.192800 0.520000 
0.192800 0.528000 
0.192800 0.536000 
0.192800 0.544000 
0.192800 0.552000 
0.192800 0.560000 
0.192800 0.568000 
0.192800 0.576000 
0.192800 0.584000 
0.192800 0.592000 
0.192800 0.600000 
0.196400 0.200000 
0.196400 0.208000 
0.196400 0.216000 
0.196400 0.224000 
0.196400 0.232000 
0.196400 0.240000 
0.196400 0.248000 
0.196400 0.256000 
0.196400 0.264000 
0.196400 0.272000 
0.196400 0.280000 
0.196400 0.288000 
0.196400 0.296000 
0.196400 0.304000 
0.196400 0.312000 
0.196400 0.320000 
0.196400 0.328000 
0.196400 0.336000 
0.196400 0.344000 
0.196400 0.352000 
0.196400 0.360000 
0.196400 0.368000 
0.196400 0.376000 
0.196400 0.384000 
0.196400 0.392000 
0.196400 0.400000 
0.196400 0.408000 
0.196400 0.416000 
0.196400 0.424000 
0.196400 0.432000 
0.196400 0.440000 
0.196400 0.448000 
0.196400 0.456000 
0.196400 0.464000 
0.196400 0.472000 
0.196400 0.480000 
0.196400 0.488000 
0.196400 0.496000 
0.196400 0.504000 
0.196400 0.512000 
0.196400 0.520000 
0.196400 0.528000 
0.196400 0.536000 
0.196400 0.544000 
0.196400 0.552000 
0.196400 0.560000 
0.196400 0.568000 
0.196400 0.576000 
0.196400 0.584000 
0.196400 0.592000 
0.196400 0.600000 
0.200000 0.200000 
0.200000 0.208000 
0.200000 0.216000 
0.200000 0.224000 
0.200000 0.232000 
0.200000 0.240000 
0.200000 0.248000 
0.200000 0.256000 
0.200000 0.264000 
0.200000 0.272000 
0.200000 0.280000 
0.200000 0.288000 
0.200000 0.296000 
0.200000 0.304000 
0.200000 0.312000 
0.200000 0.320000 
0.200000 0.328000 
0.200000 0.336000 
0.200000 0.344000 
0.200000 0.352000 
0.200000 0.360000 
0.200000 0.368000 
0.200000 0.376000 
0.200000 0.384000 
0.200000 0.392000 
0.200000 0.400000 
0.200000 0.408000 
0.200000 0.416000 
0.200000 0.424000 
0.200000 0.432000 
0.200000 0.440000 
0.200000 0.448000 
0.200000 0.456000 
0.200000 0.464000 
0.200000 0.472000 
0.200000 0.480000 
0.200000 0.488000 
0.200000 0.496000 
0.200000 0.504000 
0.200000 0.512000 
0.200000 0.520000 
0.200000 0.528000 
0.200000 0.536000 
0.200000 0.544000 
0.200000 0.552000 
0.200000 0.560000 
0.200000 0.568000 
0.200000 0.576000 
0.200000 0.584000 
0.200000 0.592000 
0.200000 0.600000 
