0.959600 -0.319867 
0.956336 -0.332661 
0.952944 -0.345456 
0.949424 -0.358251 
0.945776 -0.371045 
0.942000 -0.383840 
0.938096 -0.396635 
0.934064 -0.409429 
0.929904 -0.422224 
0.925616 -0.435019 
0.921200 -0.447813 
0.916656 -0.460608 
0.911984 -0.473403 
0.907184 -0.486197 
0.902256 -0.498992 
0.897200 -0.511787 
0.892016 -0.524581 
0.886704 -0.537376 
0.881264 -0.550171 
0.875696 -0.562965 
0.870000 -0.575760 
0.864176 -0.588555 
0.858224 -0.601349 
0.852144 -0.614144 
0.845936 -0.626939 
0.839600 -0.639733 
0.833136 -0.652528 
0.826544 -0.665323 
0.819824 -0.678117 
0.812976 -0.690912 
0.806000 -0.703707 
0.798896 -0.716501 
0.791664 -0.729296 
0.784304 -0.742091 
0.776816 -0.754885 
0.769200 -0.767680 
0.761456 -0.780475 
0.753584 -0.793269 
0.745584 -0.806064 
0.737456 -0.818859 
0.729200 -0.831653 
0.720816 -0.844448 
0.712304 -0.857243 
0.703664 -0.870037 
0.694896 -0.882832 
0.686000 -0.895627 
0.676976 -0.908421 
0.667824 -0.921216 
0.658544 -0.934011 
0.649136 -0.946805 
0.639600 -0.959600 
0.959443 -0.251209 
0.956179 -0.261257 
0.952787 -0.271305 
0.949267 -0.281354 
0.945619 -0.291402 
0.941843 -0.301450 
0.937939 -0.311499 
0.933907 -0.321547 
0.929747 -0.331595 
0.925459 -0.341644 
0.921043 -0.351692 
0.916499 -0.361740 
0.911827 -0.371789 
0.907027 -0.381837 
0.902099 -0.391885 
0.897043 -0.401934 
0.891859 -0.411982 
0.886547 -0.422030 
0.881107 -0.432079 
0.875539 -0.442127 
0.869843 -0.452175 
0.864019 -0.462224 
0.858067 -0.472272 
0.851987 -0.482320 
0.845779 -0.492369 
0.839443 -0.502417 
0.832979 -0.512465 
0.826387 -0.522514 
0.819667 -0.532562 
0.812819 -0.542610 
0.805843 -0.552659 
0.798739 -0.562707 
0.791507 -0.572756 
0.784147 -0.582804 
0.776659 -0.592852 
0.769043 -0.602901 
0.761299 -0.612949 
0.753427 -0.622997 
0.745427 -0.633046 
0.737299 -0.643094 
0.729043 -0.653142 
0.720659 -0.663191 
0.712147 -0.673239 
0.703507 -0.683287 
0.694739 -0.693336 
0.685843 -0.703384 
0.676819 -0.713432 
0.667667 -0.723481 
0.658387 -0.733529 
0.648979 -0.743577 
0.639443 -0.753626 
0.959260 -0.204371 
0.955996 -0.212545 
0.952604 -0.220720 
0.949084 -0.228895 
0.945436 -0.237070 
0.941660 -0.245245 
0.937756 -0.253420 
0.933724 -0.261594 
0.929564 -0.269769 
0.925276 -0.277944 
0.920860 -0.286119 
0.916316 -0.294294 
0.911644 -0.302469 
0.906844 -0.310643 
0.901916 -0.318818 
0.896860 -0.326993 
0.891676 -0.335168 
0.886364 -0.343343 
0.880924 -0.351517 
0.875356 -0.359692 
0.869660 -0.367867 
0.863836 -0.376042 
0.857884 -0.384217 
0.851804 -0.392392 
0.845596 -0.400566 
0.839260 -0.408741 
0.832796 -0.416916 
0.826204 -0.425091 
0.819484 -0.433266 
0.812636 -0.441441 
0.805660 -0.449615 
0.798556 -0.457790 
0.791324 -0.465965 
0.783964 -0.474140 
0.776476 -0.482315 
0.768860 -0.490489 
0.761116 -0.498664 
0.753244 -0.506839 
0.745244 -0.515014 
0.737116 -0.523189 
0.728860 -0.531364 
0.720476 -0.539538 
0.711964 -0.547713 
0.703324 -0.555888 
0.694556 -0.564063 
0.685660 -0.572238 
0.676636 -0.580413 
0.667484 -0.588587 
0.658204 -0.596762 
0.648796 -0.604937 
0.639260 -0.613112 
0.959051 -0.170725 
0.955787 -0.177554 
0.952395 -0.184383 
0.948875 -0.191212 
0.945227 -0.198041 
0.941451 -0.204870 
0.937547 -0.211699 
0.933515 -0.218528 
0.929355 -0.225357 
0.925067 -0.232186 
0.920651 -0.239015 
0.916107 -0.245844 
0.911435 -0.252673 
0.906635 -0.259502 
0.901707 -0.266330 
0.896651 -0.273159 
0.891467 -0.279988 
0.886155 -0.286817 
0.880715 -0.293646 
0.875147 -0.300475 
0.869451 -0.307304 
0.863627 -0.314133 
0.857675 -0.320962 
0.851595 -0.327791 
0.845387 -0.334620 
0.839051 -0.341449 
0.832587 -0.348278 
0.825995 -0.355107 
0.819275 -0.361936 
0.812427 -0.368765 
0.805451 -0.375594 
0.798347 -0.382423 
0.791115 -0.389252 
0.783755 -0.396081 
0.776267 -0.402910 
0.768651 -0.409739 
0.760907 -0.416568 
0.753035 -0.423397 
0.745035 -0.430226 
0.736907 -0.437055 
0.728651 -0.443884 
0.720267 -0.450713 
0.711755 -0.457542 
0.703115 -0.464371 
0.694347 -0.471200 
0.685451 -0.478029 
0.676427 -0.484858 
0.667275 -0.491687 
0.657995 -0.498516 
0.648587 -0.505345 
0.639051 -0.512174 
0.958817 -0.145585 
0.955553 -0.151408 
0.952161 -0.157232 
0.948641 -0.163055 
0.944993 -0.168879 
0.941217 -0.174702 
0.937313 -0.180525 
0.933281 -0.186349 
0.929121 -0.192172 
0.924833 -0.197996 
0.920417 -0.203819 
0.915873 -0.209642 
0.911201 -0.215466 
0.906401 -0.221289 
0.901473 -0.227113 
0.896417 -0.232936 
0.891233 -0.238759 
0.885921 -0.244583 
0.880481 -0.250406 
0.874913 -0.256230 
0.869217 -0.262053 
0.863393 -0.267876 
0.857441 -0.273700 
0.851361 -0.279523 
0.845153 -0.285347 
0.838817 -0.291170 
0.832353 -0.296993 
0.825761 -0.302817 
0.819041 -0.308640 
0.812193 -0.314464 
0.805217 -0.320287 
0.798113 -0.326110 
0.790881 -0.331934 
0.783521 -0.337757 
0.776033 -0.343581 
0.768417 -0.349404 
0.760673 -0.355227 
0.752801 -0.361051 
0.744801 -0.366874 
0.736673 -0.372698 
0.728417 -0.378521 
0.720033 -0.384344 
0.711521 -0.390168 
0.702881 -0.395991 
0.694113 -0.401815 
0.685217 -0.407638 
0.676193 -0.413461 
0.667041 -0.419285 
0.657761 -0.425108 
0.648353 -0.430932 
0.638817 -0.436755 
0.958556 -0.126210 
0.955292 -0.131258 
0.951900 -0.136306 
0.948380 -0.141355 
0.944732 -0.146403 
0.940956 -0.151452 
0.937052 -0.156500 
0.933020 -0.161548 
0.928860 -0.166597 
0.924572 -0.171645 
0.920156 -0.176694 
0.915612 -0.181742 
0.910940 -0.186790 
0.906140 -0.191839 
0.901212 -0.196887 
0.896156 -0.201935 
0.890972 -0.206984 
0.885660 -0.212032 
0.880220 -0.217081 
0.874652 -0.222129 
0.868956 -0.227177 
0.863132 -0.232226 
0.857180 -0.237274 
0.851100 -0.242323 
0.844892 -0.247371 
0.838556 -0.252419 
0.832092 -0.257468 
0.825500 -0.262516 
0.818780 -0.267564 
0.811932 -0.272613 
0.804956 -0.277661 
0.797852 -0.282710 
0.790620 -0.287758 
0.783260 -0.292806 
0.775772 -0.297855 
0.768156 -0.302903 
0.760412 -0.307952 
0.752540 -0.313000 
0.744540 -0.318048 
0.736412 -0.323097 
0.728156 -0.328145 
0.719772 -0.333193 
0.711260 -0.338242 
0.702620 -0.343290 
0.693852 -0.348339 
0.684956 -0.353387 
0.675932 -0.358435 
0.666780 -0.363484 
0.657500 -0.368532 
0.648092 -0.373581 
0.638556 -0.378629 
0.958269 -0.110898 
0.955005 -0.115334 
0.951613 -0.119770 
0.948093 -0.124206 
0.944445 -0.128642 
0.940669 -0.133078 
0.936765 -0.137513 
0.932733 -0.141949 
0.928573 -0.146385 
0.924285 -0.150821 
0.919869 -0.155257 
0.915325 -0.159693 
0.910653 -0.164129 
0.905853 -0.168565 
0.900925 -0.173001 
0.895869 -0.177437 
0.890685 -0.181873 
0.885373 -0.186309 
0.879933 -0.190744 
0.874365 -0.195180 
0.868669 -0.199616 
0.862845 -0.204052 
0.856893 -0.208488 
0.850813 -0.212924 
0.844605 -0.217360 
0.838269 -0.221796 
0.831805 -0.226232 
0.825213 -0.230668 
0.818493 -0.235104 
0.811645 -0.239540 
0.804669 -0.243975 
0.797565 -0.248411 
0.790333 -0.252847 
0.782973 -0.257283 
0.775485 -0.261719 
0.767869 -0.266155 
0.760125 -0.270591 
0.752253 -0.275027 
0.744253 -0.279463 
0.736125 -0.283899 
0.727869 -0.288335 
0.719485 -0.292771 
0.710973 -0.297206 
0.702333 -0.301642 
0.693565 -0.306078 
0.684669 -0.310514 
0.675645 -0.314950 
0.666493 -0.319386 
0.657213 -0.323822 
0.647805 -0.328258 
0.638269 -0.332694 
0.957957 -0.098545 
0.954693 -0.102487 
0.951301 -0.106428 
0.947781 -0.110370 
0.944133 -0.114312 
0.940357 -0.118254 
0.936453 -0.122195 
0.932421 -0.126137 
0.928261 -0.130079 
0.923973 -0.134021 
0.919557 -0.137963 
0.915013 -0.141904 
0.910341 -0.145846 
0.905541 -0.149788 
0.900613 -0.153730 
0.895557 -0.157672 
0.890373 -0.161613 
0.885061 -0.165555 
0.879621 -0.169497 
0.874053 -0.173439 
0.868357 -0.177381 
0.862533 -0.181322 
0.856581 -0.185264 
0.850501 -0.189206 
0.844293 -0.193148 
0.837957 -0.197089 
0.831493 -0.201031 
0.824901 -0.204973 
0.818181 -0.208915 
0.811333 -0.212857 
0.804357 -0.216798 
0.797253 -0.220740 
0.790021 -0.224682 
0.782661 -0.228624 
0.775173 -0.232566 
0.767557 -0.236507 
0.759813 -0.240449 
0.751941 -0.244391 
0.743941 -0.248333 
0.735813 -0.252275 
0.727557 -0.256216 
0.719173 -0.260158 
0.710661 -0.264100 
0.702021 -0.268042 
0.693253 -0.271983 
0.684357 -0.275925 
0.675333 -0.279867 
0.666181 -0.283809 
0.656901 -0.287751 
0.647493 -0.291692 
0.637957 -0.295634 
0.957619 -0.088404 
0.954355 -0.091940 
0.950963 -0.095476 
0.947443 -0.099012 
0.943795 -0.102548 
0.940019 -0.106085 
0.936115 -0.109621 
0.932083 -0.113157 
0.927923 -0.116693 
0.923635 -0.120229 
0.919219 -0.123765 
0.914675 -0.127302 
0.910003 -0.130838 
0.905203 -0.134374 
0.900275 -0.137910 
0.895219 -0.141446 
0.890035 -0.144982 
0.884723 -0.148519 
0.879283 -0.152055 
0.873715 -0.155591 
0.868019 -0.159127 
0.862195 -0.162663 
0.856243 -0.166199 
0.850163 -0.169735 
0.843955 -0.173272 
0.837619 -0.176808 
0.831155 -0.180344 
0.824563 -0.183880 
0.817843 -0.187416 
0.810995 -0.190952 
0.804019 -0.194489 
0.796915 -0.198025 
0.789683 -0.201561 
0.782323 -0.205097 
0.774835 -0.208633 
0.767219 -0.212169 
0.759475 -0.215705 
0.751603 -0.219242 
0.743603 -0.222778 
0.735475 -0.226314 
0.727219 -0.229850 
0.718835 -0.233386 
0.710323 -0.236922 
0.701683 -0.240459 
0.692915 -0.243995 
0.684019 -0.247531 
0.674995 -0.251067 
0.665843 -0.254603 
0.656563 -0.258139 
0.647155 -0.261675 
0.637619 -0.265212 
0.957254 -0.079955 
0.953990 -0.083153 
0.950598 -0.086352 
0.947078 -0.089550 
0.943430 -0.092748 
0.939654 -0.095946 
0.935750 -0.099144 
0.931718 -0.102343 
0.927558 -0.105541 
0.923270 -0.108739 
0.918854 -0.111937 
0.914310 -0.115135 
0.909638 -0.118334 
0.904838 -0.121532 
0.899910 -0.124730 
0.894854 -0.127928 
0.889670 -0.131127 
0.884358 -0.134325 
0.878918 -0.137523 
0.873350 -0.140721 
0.867654 -0.143919 
0.861830 -0.147118 
0.855878 -0.150316 
0.849798 -0.153514 
0.843590 -0.156712 
0.837254 -0.159910 
0.830790 -0.163109 
0.824198 -0.166307 
0.817478 -0.169505 
0.810630 -0.172703 
0.803654 -0.175901 
0.796550 -0.179100 
0.789318 -0.182298 
0.781958 -0.185496 
0.774470 -0.188694 
0.766854 -0.191892 
0.759110 -0.195091 
0.751238 -0.198289 
0.743238 -0.201487 
0.735110 -0.204685 
0.726854 -0.207883 
0.718470 -0.211082 
0.709958 -0.214280 
0.701318 -0.217478 
0.692550 -0.220676 
0.683654 -0.223875 
0.674630 -0.227073 
0.665478 -0.230271 
0.656198 -0.233469 
0.646790 -0.236667 
0.637254 -0.239866 
0.956864 -0.072826 
0.953600 -0.075739 
0.950208 -0.078652 
0.946688 -0.081565 
0.943040 -0.084478 
0.939264 -0.087391 
0.935360 -0.090304 
0.931328 -0.093217 
0.927168 -0.096130 
0.922880 -0.099043 
0.918464 -0.101956 
0.913920 -0.104870 
0.909248 -0.107783 
0.904448 -0.110696 
0.899520 -0.113609 
0.894464 -0.116522 
0.889280 -0.119435 
0.883968 -0.122348 
0.878528 -0.125261 
0.872960 -0.128174 
0.867264 -0.131087 
0.861440 -0.134000 
0.855488 -0.136913 
0.849408 -0.139826 
0.843200 -0.142739 
0.836864 -0.145652 
0.830400 -0.148565 
0.823808 -0.151478 
0.817088 -0.154391 
0.810240 -0.157304 
0.803264 -0.160217 
0.796160 -0.163130 
0.788928 -0.166043 
0.781568 -0.168956 
0.774080 -0.171870 
0.766464 -0.174783 
0.758720 -0.177696 
0.750848 -0.180609 
0.742848 -0.183522 
0.734720 -0.186435 
0.726464 -0.189348 
0.718080 -0.192261 
0.709568 -0.195174 
0.700928 -0.198087 
0.692160 -0.201000 
0.683264 -0.203913 
0.674240 -0.206826 
0.665088 -0.209739 
0.655808 -0.212652 
0.646400 -0.215565 
0.636864 -0.218478 
0.956448 -0.066743 
0.953184 -0.069413 
0.949792 -0.072083 
0.946272 -0.074753 
0.942624 -0.077422 
0.938848 -0.080092 
0.934944 -0.082762 
0.930912 -0.085431 
0.926752 -0.088101 
0.922464 -0.090771 
0.918048 -0.093441 
0.913504 -0.096110 
0.908832 -0.098780 
0.904032 -0.101450 
0.899104 -0.104120 
0.894048 -0.106789 
0.888864 -0.109459 
0.883552 -0.112129 
0.878112 -0.114799 
0.872544 -0.117468 
0.866848 -0.120138 
0.861024 -0.122808 
0.855072 -0.125477 
0.848992 -0.128147 
0.842784 -0.130817 
0.836448 -0.133487 
0.829984 -0.136156 
0.823392 -0.138826 
0.816672 -0.141496 
0.809824 -0.144166 
0.802848 -0.146835 
0.795744 -0.149505 
0.788512 -0.152175 
0.781152 -0.154845 
0.773664 -0.157514 
0.766048 -0.160184 
0.758304 -0.162854 
0.750432 -0.165523 
0.742432 -0.168193 
0.734304 -0.170863 
0.726048 -0.173533 
0.717664 -0.176202 
0.709152 -0.178872 
0.700512 -0.181542 
0.691744 -0.184212 
0.682848 -0.186881 
0.673824 -0.189551 
0.664672 -0.192221 
0.655392 -0.194891 
0.645984 -0.197560 
0.636448 -0.200230 
0.956006 -0.061503 
0.952742 -0.063963 
0.949350 -0.066423 
0.945830 -0.068883 
0.942182 -0.071343 
0.938406 -0.073803 
0.934502 -0.076263 
0.930470 -0.078723 
0.926310 -0.081183 
0.922022 -0.083643 
0.917606 -0.086104 
0.913062 -0.088564 
0.908390 -0.091024 
0.903590 -0.093484 
0.898662 -0.095944 
0.893606 -0.098404 
0.888422 -0.100864 
0.883110 -0.103324 
0.877670 -0.105784 
0.872102 -0.108244 
0.866406 -0.110705 
0.860582 -0.113165 
0.854630 -0.115625 
0.848550 -0.118085 
0.842342 -0.120545 
0.836006 -0.123005 
0.829542 -0.125465 
0.822950 -0.127925 
0.816230 -0.130385 
0.809382 -0.132846 
0.802406 -0.135306 
0.795302 -0.137766 
0.788070 -0.140226 
0.780710 -0.142686 
0.773222 -0.145146 
0.765606 -0.147606 
0.757862 -0.150066 
0.749990 -0.152526 
0.741990 -0.154986 
0.733862 -0.157447 
0.725606 -0.159907 
0.717222 -0.162367 
0.708710 -0.164827 
0.700070 -0.167287 
0.691302 -0.169747 
0.682406 -0.172207 
0.673382 -0.174667 
0.664230 -0.177127 
0.654950 -0.179587 
0.645542 -0.182048 
0.636006 -0.184508 
0.955538 -0.056948 
0.952274 -0.059226 
0.948882 -0.061504 
0.945362 -0.063782 
0.941714 -0.066060 
0.937938 -0.068338 
0.934034 -0.070616 
0.930002 -0.072894 
0.925842 -0.075171 
0.921554 -0.077449 
0.917138 -0.079727 
0.912594 -0.082005 
0.907922 -0.084283 
0.903122 -0.086561 
0.898194 -0.088839 
0.893138 -0.091117 
0.887954 -0.093395 
0.882642 -0.095673 
0.877202 -0.097951 
0.871634 -0.100229 
0.865938 -0.102507 
0.860114 -0.104784 
0.854162 -0.107062 
0.848082 -0.109340 
0.841874 -0.111618 
0.835538 -0.113896 
0.829074 -0.116174 
0.822482 -0.118452 
0.815762 -0.120730 
0.808914 -0.123008 
0.801938 -0.125286 
0.794834 -0.127564 
0.787602 -0.129842 
0.780242 -0.132120 
0.772754 -0.134397 
0.765138 -0.136675 
0.757394 -0.138953 
0.749522 -0.141231 
0.741522 -0.143509 
0.733394 -0.145787 
0.725138 -0.148065 
0.716754 -0.150343 
0.708242 -0.152621 
0.699602 -0.154899 
0.690834 -0.157177 
0.681938 -0.159455 
0.672914 -0.161733 
0.663762 -0.164010 
0.654482 -0.166288 
0.645074 -0.168566 
0.635538 -0.170844 
0.955044 -0.052959 
0.951780 -0.055078 
0.948388 -0.057196 
0.944868 -0.059315 
0.941220 -0.061433 
0.937444 -0.063551 
0.933540 -0.065670 
0.929508 -0.067788 
0.925348 -0.069906 
0.921060 -0.072025 
0.916644 -0.074143 
0.912100 -0.076262 
0.907428 -0.078380 
0.902628 -0.080498 
0.897700 -0.082617 
0.892644 -0.084735 
0.887460 -0.086853 
0.882148 -0.088972 
0.876708 -0.091090 
0.871140 -0.093209 
0.865444 -0.095327 
0.859620 -0.097445 
0.853668 -0.099564 
0.847588 -0.101682 
0.841380 -0.103800 
0.835044 -0.105919 
0.828580 -0.108037 
0.821988 -0.110156 
0.815268 -0.112274 
0.808420 -0.114392 
0.801444 -0.116511 
0.794340 -0.118629 
0.787108 -0.120748 
0.779748 -0.122866 
0.772260 -0.124984 
0.764644 -0.127103 
0.756900 -0.129221 
0.749028 -0.131339 
0.741028 -0.133458 
0.732900 -0.135576 
0.724644 -0.137695 
0.716260 -0.139813 
0.707748 -0.141931 
0.699108 -0.144050 
0.690340 -0.146168 
0.681444 -0.148286 
0.672420 -0.150405 
0.663268 -0.152523 
0.653988 -0.154642 
0.644580 -0.156760 
0.635044 -0.158878 
0.954524 -0.049442 
0.951260 -0.051420 
0.947868 -0.053398 
0.944348 -0.055375 
0.940700 -0.057353 
0.936924 -0.059331 
0.933020 -0.061308 
0.928988 -0.063286 
0.924828 -0.065264 
0.920540 -0.067241 
0.916124 -0.069219 
0.911580 -0.071197 
0.906908 -0.073174 
0.902108 -0.075152 
0.897180 -0.077130 
0.892124 -0.079107 
0.886940 -0.081085 
0.881628 -0.083063 
0.876188 -0.085040 
0.870620 -0.087018 
0.864924 -0.088996 
0.859100 -0.090974 
0.853148 -0.092951 
0.847068 -0.094929 
0.840860 -0.096907 
0.834524 -0.098884 
0.828060 -0.100862 
0.821468 -0.102840 
0.814748 -0.104817 
0.807900 -0.106795 
0.800924 -0.108773 
0.793820 -0.110750 
0.786588 -0.112728 
0.779228 -0.114706 
0.771740 -0.116683 
0.764124 -0.118661 
0.756380 -0.120639 
0.748508 -0.122616 
0.740508 -0.124594 
0.732380 -0.126572 
0.724124 -0.128550 
0.715740 -0.130527 
0.707228 -0.132505 
0.698588 -0.134483 
0.689820 -0.136460 
0.680924 -0.138438 
0.671900 -0.140416 
0.662748 -0.142393 
0.653468 -0.144371 
0.644060 -0.146349 
0.634524 -0.148326 
0.953978 -0.046321 
0.950714 -0.048174 
0.947322 -0.050027 
0.943802 -0.051880 
0.940154 -0.053732 
0.936378 -0.055585 
0.932474 -0.057438 
0.928442 -0.059291 
0.924282 -0.061144 
0.919994 -0.062997 
0.915578 -0.064850 
0.911034 -0.066702 
0.906362 -0.068555 
0.901562 -0.070408 
0.896634 -0.072261 
0.891578 -0.074114 
0.886394 -0.075967 
0.881082 -0.077819 
0.875642 -0.079672 
0.870074 -0.081525 
0.864378 -0.083378 
0.858554 -0.085231 
0.852602 -0.087084 
0.846522 -0.088936 
0.840314 -0.090789 
0.833978 -0.092642 
0.827514 -0.094495 
0.820922 -0.096348 
0.814202 -0.098201 
0.807354 -0.100054 
0.800378 -0.101906 
0.793274 -0.103759 
0.786042 -0.105612 
0.778682 -0.107465 
0.771194 -0.109318 
0.763578 -0.111171 
0.755834 -0.113023 
0.747962 -0.114876 
0.739962 -0.116729 
0.731834 -0.118582 
0.723578 -0.120435 
0.715194 -0.122288 
0.706682 -0.124140 
0.698042 -0.125993 
0.689274 -0.127846 
0.680378 -0.129699 
0.671354 -0.131552 
0.662202 -0.133405 
0.652922 -0.135258 
0.643514 -0.137110 
0.633978 -0.138963 
0.953407 -0.043536 
0.950143 -0.045277 
0.946751 -0.047019 
0.943231 -0.048760 
0.939583 -0.050502 
0.935807 -0.052243 
0.931903 -0.053985 
0.927871 -0.055726 
0.923711 -0.057467 
0.919423 -0.059209 
0.915007 -0.060950 
0.910463 -0.062692 
0.905791 -0.064433 
0.900991 -0.066175 
0.896063 -0.067916 
0.891007 -0.069657 
0.885823 -0.071399 
0.880511 -0.073140 
0.875071 -0.074882 
0.869503 -0.076623 
0.863807 -0.078365 
0.857983 -0.080106 
0.852031 -0.081848 
0.845951 -0.083589 
0.839743 -0.085330 
0.833407 -0.087072 
0.826943 -0.088813 
0.820351 -0.090555 
0.813631 -0.092296 
0.806783 -0.094038 
0.799807 -0.095779 
0.792703 -0.097520 
0.785471 -0.099262 
0.778111 -0.101003 
0.770623 -0.102745 
0.763007 -0.104486 
0.755263 -0.106228 
0.747391 -0.107969 
0.739391 -0.109711 
0.731263 -0.111452 
0.723007 -0.113193 
0.714623 -0.114935 
0.706111 -0.116676 
0.697471 -0.118418 
0.688703 -0.120159 
0.679807 -0.121901 
0.670783 -0.123642 
0.661631 -0.125383 
0.652351 -0.127125 
0.642943 -0.128866 
0.633407 -0.130608 
0.952809 -0.041038 
0.949545 -0.042679 
0.946153 -0.044321 
0.942633 -0.045962 
0.938985 -0.047604 
0.935209 -0.049245 
0.931305 -0.050887 
0.927273 -0.052528 
0.923113 -0.054170 
0.918825 -0.055811 
0.914409 -0.057453 
0.909865 -0.059094 
0.905193 -0.060736 
0.900393 -0.062377 
0.895465 -0.064019 
0.890409 -0.065660 
0.885225 -0.067302 
0.879913 -0.068943 
0.874473 -0.070585 
0.868905 -0.072226 
0.863209 -0.073868 
0.857385 -0.075509 
0.851433 -0.077151 
0.845353 -0.078792 
0.839145 -0.080434 
0.832809 -0.082075 
0.826345 -0.083717 
0.819753 -0.085358 
0.813033 -0.087000 
0.806185 -0.088641 
0.799209 -0.090283 
0.792105 -0.091924 
0.784873 -0.093566 
0.777513 -0.095207 
0.770025 -0.096849 
0.762409 -0.098491 
0.754665 -0.100132 
0.746793 -0.101774 
0.738793 -0.103415 
0.730665 -0.105057 
0.722409 -0.106698 
0.714025 -0.108340 
0.705513 -0.109981 
0.696873 -0.111623 
0.688105 -0.113264 
0.679209 -0.114906 
0.670185 -0.116547 
0.661033 -0.118189 
0.651753 -0.119830 
0.642345 -0.121472 
0.632809 -0.123113 
0.952185 -0.038786 
0.948921 -0.040338 
0.945529 -0.041889 
0.942009 -0.043441 
0.938361 -0.044992 
0.934585 -0.046544 
0.930681 -0.048095 
0.926649 -0.049646 
0.922489 -0.051198 
0.918201 -0.052749 
0.913785 -0.054301 
0.909241 -0.055852 
0.904569 -0.057404 
0.899769 -0.058955 
0.894841 -0.060507 
0.889785 -0.062058 
0.884601 -0.063610 
0.879289 -0.065161 
0.873849 -0.066712 
0.868281 -0.068264 
0.862585 -0.069815 
0.856761 -0.071367 
0.850809 -0.072918 
0.844729 -0.074470 
0.838521 -0.076021 
0.832185 -0.077573 
0.825721 -0.079124 
0.819129 -0.080675 
0.812409 -0.082227 
0.805561 -0.083778 
0.798585 -0.085330 
0.791481 -0.086881 
0.784249 -0.088433 
0.776889 -0.089984 
0.769401 -0.091536 
0.761785 -0.093087 
0.754041 -0.094639 
0.746169 -0.096190 
0.738169 -0.097741 
0.730041 -0.099293 
0.721785 -0.100844 
0.713401 -0.102396 
0.704889 -0.103947 
0.696249 -0.105499 
0.687481 -0.107050 
0.678585 -0.108602 
0.669561 -0.110153 
0.660409 -0.111704 
0.651129 -0.113256 
0.641721 -0.114807 
0.632185 -0.116359 
0.951536 -0.036748 
0.948272 -0.038218 
0.944880 -0.039688 
0.941360 -0.041158 
0.937712 -0.042628 
0.933936 -0.044098 
0.930032 -0.045568 
0.926000 -0.047038 
0.921840 -0.048508 
0.917552 -0.049978 
0.913136 -0.051448 
0.908592 -0.052918 
0.903920 -0.054388 
0.899120 -0.055858 
0.894192 -0.057328 
0.889136 -0.058798 
0.883952 -0.060267 
0.878640 -0.061737 
0.873200 -0.063207 
0.867632 -0.064677 
0.861936 -0.066147 
0.856112 -0.067617 
0.850160 -0.069087 
0.844080 -0.070557 
0.837872 -0.072027 
0.831536 -0.073497 
0.825072 -0.074967 
0.818480 -0.076437 
0.811760 -0.077907 
0.804912 -0.079377 
0.797936 -0.080847 
0.790832 -0.082317 
0.783600 -0.083787 
0.776240 -0.085256 
0.768752 -0.086726 
0.761136 -0.088196 
0.753392 -0.089666 
0.745520 -0.091136 
0.737520 -0.092606 
0.729392 -0.094076 
0.721136 -0.095546 
0.712752 -0.097016 
0.704240 -0.098486 
0.695600 -0.099956 
0.686832 -0.101426 
0.677936 -0.102896 
0.668912 -0.104366 
0.659760 -0.105836 
0.650480 -0.107306 
0.641072 -0.108775 
0.631536 -0.110245 
0.950861 -0.034897 
0.947597 -0.036292 
0.944205 -0.037688 
0.940685 -0.039084 
0.937037 -0.040480 
0.933261 -0.041876 
0.929357 -0.043272 
0.925325 -0.044668 
0.921165 -0.046064 
0.916877 -0.047459 
0.912461 -0.048855 
0.907917 -0.050251 
0.903245 -0.051647 
0.898445 -0.053043 
0.893517 -0.054439 
0.888461 -0.055835 
0.883277 -0.057230 
0.877965 -0.058626 
0.872525 -0.060022 
0.866957 -0.061418 
0.861261 -0.062814 
0.855437 -0.064210 
0.849485 -0.065606 
0.843405 -0.067002 
0.837197 -0.068397 
0.830861 -0.069793 
0.824397 -0.071189 
0.817805 -0.072585 
0.811085 -0.073981 
0.804237 -0.075377 
0.797261 -0.076773 
0.790157 -0.078168 
0.782925 -0.079564 
0.775565 -0.080960 
0.768077 -0.082356 
0.760461 -0.083752 
0.752717 -0.085148 
0.744845 -0.086544 
0.736845 -0.087940 
0.728717 -0.089335 
0.720461 -0.090731 
0.712077 -0.092127 
0.703565 -0.093523 
0.694925 -0.094919 
0.686157 -0.096315 
0.677261 -0.097711 
0.668237 -0.099106 
0.659085 -0.100502 
0.649805 -0.101898 
0.640397 -0.103294 
0.630861 -0.104690 
0.950159 -0.033208 
0.946895 -0.034536 
0.943503 -0.035864 
0.939983 -0.037192 
0.936335 -0.038521 
0.932559 -0.039849 
0.928655 -0.041177 
0.924623 -0.042506 
0.920463 -0.043834 
0.916175 -0.045162 
0.911759 -0.046491 
0.907215 -0.047819 
0.902543 -0.049147 
0.897743 -0.050476 
0.892815 -0.051804 
0.887759 -0.053132 
0.882575 -0.054460 
0.877263 -0.055789 
0.871823 -0.057117 
0.866255 -0.058445 
0.860559 -0.059774 
0.854735 -0.061102 
0.848783 -0.062430 
0.842703 -0.063759 
0.836495 -0.065087 
0.830159 -0.066415 
0.823695 -0.067743 
0.817103 -0.069072 
0.810383 -0.070400 
0.803535 -0.071728 
0.796559 -0.073057 
0.789455 -0.074385 
0.782223 -0.075713 
0.774863 -0.077042 
0.767375 -0.078370 
0.759759 -0.079698 
0.752015 -0.081027 
0.744143 -0.082355 
0.736143 -0.083683 
0.728015 -0.085011 
0.719759 -0.086340 
0.711375 -0.087668 
0.702863 -0.088996 
0.694223 -0.090325 
0.685455 -0.091653 
0.676559 -0.092981 
0.667535 -0.094310 
0.658383 -0.095638 
0.649103 -0.096966 
0.639695 -0.098294 
0.630159 -0.099623 
0.949432 -0.031662 
0.946168 -0.032928 
0.942776 -0.034195 
0.939256 -0.035461 
0.935608 -0.036728 
0.931832 -0.037994 
0.927928 -0.039261 
0.923896 -0.040527 
0.919736 -0.041794 
0.915448 -0.043060 
0.911032 -0.044326 
0.906488 -0.045593 
0.901816 -0.046859 
0.897016 -0.048126 
0.892088 -0.049392 
0.887032 -0.050659 
0.881848 -0.051925 
0.876536 -0.053192 
0.871096 -0.054458 
0.865528 -0.055725 
0.859832 -0.056991 
0.854008 -0.058258 
0.848056 -0.059524 
0.841976 -0.060791 
0.835768 -0.062057 
0.829432 -0.063323 
0.822968 -0.064590 
0.816376 -0.065856 
0.809656 -0.067123 
0.802808 -0.068389 
0.795832 -0.069656 
0.788728 -0.070922 
0.781496 -0.072189 
0.774136 -0.073455 
0.766648 -0.074722 
0.759032 -0.075988 
0.751288 -0.077255 
0.743416 -0.078521 
0.735416 -0.079788 
0.727288 -0.081054 
0.719032 -0.082321 
0.710648 -0.083587 
0.702136 -0.084853 
0.693496 -0.086120 
0.684728 -0.087386 
0.675832 -0.088653 
0.666808 -0.089919 
0.657656 -0.091186 
0.648376 -0.092452 
0.638968 -0.093719 
0.629432 -0.094985 
0.948679 -0.030242 
0.945415 -0.031452 
0.942023 -0.032662 
0.938503 -0.033872 
0.934855 -0.035081 
0.931079 -0.036291 
0.927175 -0.037501 
0.923143 -0.038710 
0.918983 -0.039920 
0.914695 -0.041130 
0.910279 -0.042339 
0.905735 -0.043549 
0.901063 -0.044759 
0.896263 -0.045969 
0.891335 -0.047178 
0.886279 -0.048388 
0.881095 -0.049598 
0.875783 -0.050807 
0.870343 -0.052017 
0.864775 -0.053227 
0.859079 -0.054436 
0.853255 -0.055646 
0.847303 -0.056856 
0.841223 -0.058066 
0.835015 -0.059275 
0.828679 -0.060485 
0.822215 -0.061695 
0.815623 -0.062904 
0.808903 -0.064114 
0.802055 -0.065324 
0.795079 -0.066533 
0.787975 -0.067743 
0.780743 -0.068953 
0.773383 -0.070163 
0.765895 -0.071372 
0.758279 -0.072582 
0.750535 -0.073792 
0.742663 -0.075001 
0.734663 -0.076211 
0.726535 -0.077421 
0.718279 -0.078630 
0.709895 -0.079840 
0.701383 -0.081050 
0.692743 -0.082260 
0.683975 -0.083469 
0.675079 -0.084679 
0.666055 -0.085889 
0.656903 -0.087098 
0.647623 -0.088308 
0.638215 -0.089518 
0.628679 -0.090727 
0.947900 -0.028936 
0.944636 -0.030093 
0.941244 -0.031250 
0.937724 -0.032408 
0.934076 -0.033565 
0.930300 -0.034723 
0.926396 -0.035880 
0.922364 -0.037037 
0.918204 -0.038195 
0.913916 -0.039352 
0.909500 -0.040510 
0.904956 -0.041667 
0.900284 -0.042825 
0.895484 -0.043982 
0.890556 -0.045139 
0.885500 -0.046297 
0.880316 -0.047454 
0.875004 -0.048612 
0.869564 -0.049769 
0.863996 -0.050927 
0.858300 -0.052084 
0.852476 -0.053241 
0.846524 -0.054399 
0.840444 -0.055556 
0.834236 -0.056714 
0.827900 -0.057871 
0.821436 -0.059029 
0.814844 -0.060186 
0.808124 -0.061343 
0.801276 -0.062501 
0.794300 -0.063658 
0.787196 -0.064816 
0.779964 -0.065973 
0.772604 -0.067130 
0.765116 -0.068288 
0.757500 -0.069445 
0.749756 -0.070603 
0.741884 -0.071760 
0.733884 -0.072918 
0.725756 -0.074075 
0.717500 -0.075232 
0.709116 -0.076390 
0.700604 -0.077547 
0.691964 -0.078705 
0.683196 -0.079862 
0.674300 -0.081020 
0.665276 -0.082177 
0.656124 -0.083334 
0.646844 -0.084492 
0.637436 -0.085649 
0.627900 -0.086807 
0.947095 -0.027729 
0.943831 -0.028838 
0.940439 -0.029947 
0.936919 -0.031056 
0.933271 -0.032165 
0.929495 -0.033274 
0.925591 -0.034384 
0.921559 -0.035493 
0.917399 -0.036602 
0.913111 -0.037711 
0.908695 -0.038820 
0.904151 -0.039929 
0.899479 -0.041039 
0.894679 -0.042148 
0.889751 -0.043257 
0.884695 -0.044366 
0.879511 -0.045475 
0.874199 -0.046584 
0.868759 -0.047693 
0.863191 -0.048803 
0.857495 -0.049912 
0.851671 -0.051021 
0.845719 -0.052130 
0.839639 -0.053239 
0.833431 -0.054348 
0.827095 -0.055457 
0.820631 -0.056567 
0.814039 -0.057676 
0.807319 -0.058785 
0.800471 -0.059894 
0.793495 -0.061003 
0.786391 -0.062112 
0.779159 -0.063221 
0.771799 -0.064331 
0.764311 -0.065440 
0.756695 -0.066549 
0.748951 -0.067658 
0.741079 -0.068767 
0.733079 -0.069876 
0.724951 -0.070986 
0.716695 -0.072095 
0.708311 -0.073204 
0.699799 -0.074313 
0.691159 -0.075422 
0.682391 -0.076531 
0.673495 -0.077640 
0.664471 -0.078750 
0.655319 -0.079859 
0.646039 -0.080968 
0.636631 -0.082077 
0.627095 -0.083186 
0.946264 -0.026611 
0.943000 -0.027676 
0.939608 -0.028740 
0.936088 -0.029805 
0.932440 -0.030869 
0.928664 -0.031934 
0.924760 -0.032998 
0.920728 -0.034063 
0.916568 -0.035127 
0.912280 -0.036192 
0.907864 -0.037256 
0.903320 -0.038320 
0.898648 -0.039385 
0.893848 -0.040449 
0.888920 -0.041514 
0.883864 -0.042578 
0.878680 -0.043643 
0.873368 -0.044707 
0.867928 -0.045772 
0.862360 -0.046836 
0.856664 -0.047901 
0.850840 -0.048965 
0.844888 -0.050030 
0.838808 -0.051094 
0.832600 -0.052158 
0.826264 -0.053223 
0.819800 -0.054287 
0.813208 -0.055352 
0.806488 -0.056416 
0.799640 -0.057481 
0.792664 -0.058545 
0.785560 -0.059610 
0.778328 -0.060674 
0.770968 -0.061739 
0.763480 -0.062803 
0.755864 -0.063867 
0.748120 -0.064932 
0.740248 -0.065996 
0.732248 -0.067061 
0.724120 -0.068125 
0.715864 -0.069190 
0.707480 -0.070254 
0.698968 -0.071319 
0.690328 -0.072383 
0.681560 -0.073448 
0.672664 -0.074512 
0.663640 -0.075577 
0.654488 -0.076641 
0.645208 -0.077705 
0.635800 -0.078770 
0.626264 -0.079834 
0.945407 -0.025575 
0.942143 -0.026598 
0.938751 -0.027621 
0.935231 -0.028644 
0.931583 -0.029666 
0.927807 -0.030689 
0.923903 -0.031712 
0.919871 -0.032735 
0.915711 -0.033758 
0.911423 -0.034781 
0.907007 -0.035804 
0.902463 -0.036827 
0.897791 -0.037850 
0.892991 -0.038873 
0.888063 -0.039896 
0.883007 -0.040919 
0.877823 -0.041942 
0.872511 -0.042965 
0.867071 -0.043988 
0.861503 -0.045011 
0.855807 -0.046034 
0.849983 -0.047057 
0.844031 -0.048080 
0.837951 -0.049103 
0.831743 -0.050126 
0.825407 -0.051149 
0.818943 -0.052172 
0.812351 -0.053195 
0.805631 -0.054218 
0.798783 -0.055241 
0.791807 -0.056264 
0.784703 -0.057287 
0.777471 -0.058310 
0.770111 -0.059333 
0.762623 -0.060356 
0.755007 -0.061379 
0.747263 -0.062402 
0.739391 -0.063425 
0.731391 -0.064448 
0.723263 -0.065471 
0.715007 -0.066494 
0.706623 -0.067517 
0.698111 -0.068540 
0.689471 -0.069563 
0.680703 -0.070586 
0.671807 -0.071609 
0.662783 -0.072632 
0.653631 -0.073655 
0.644351 -0.074678 
0.634943 -0.075701 
0.625407 -0.076724 
0.944525 -0.024610 
0.941261 -0.025594 
0.937869 -0.026579 
0.934349 -0.027563 
0.930701 -0.028548 
0.926925 -0.029532 
0.923021 -0.030517 
0.918989 -0.031501 
0.914829 -0.032485 
0.910541 -0.033470 
0.906125 -0.034454 
0.901581 -0.035439 
0.896909 -0.036423 
0.892109 -0.037407 
0.887181 -0.038392 
0.882125 -0.039376 
0.876941 -0.040361 
0.871629 -0.041345 
0.866189 -0.042329 
0.860621 -0.043314 
0.854925 -0.044298 
0.849101 -0.045283 
0.843149 -0.046267 
0.837069 -0.047251 
0.830861 -0.048236 
0.824525 -0.049220 
0.818061 -0.050205 
0.811469 -0.051189 
0.804749 -0.052173 
0.797901 -0.053158 
0.790925 -0.054142 
0.783821 -0.055127 
0.776589 -0.056111 
0.769229 -0.057095 
0.761741 -0.058080 
0.754125 -0.059064 
0.746381 -0.060049 
0.738509 -0.061033 
0.730509 -0.062017 
0.722381 -0.063002 
0.714125 -0.063986 
0.705741 -0.064971 
0.697229 -0.065955 
0.688589 -0.066939 
0.679821 -0.067924 
0.670925 -0.068908 
0.661901 -0.069893 
0.652749 -0.070877 
0.643469 -0.071861 
0.634061 -0.072846 
0.624525 -0.073830 
0.943616 -0.023711 
0.940352 -0.024659 
0.936960 -0.025608 
0.933440 -0.026556 
0.929792 -0.027505 
0.926016 -0.028453 
0.922112 -0.029402 
0.918080 -0.030350 
0.913920 -0.031299 
0.909632 -0.032247 
0.905216 -0.033195 
0.900672 -0.034144 
0.896000 -0.035092 
0.891200 -0.036041 
0.886272 -0.036989 
0.881216 -0.037938 
0.876032 -0.038886 
0.870720 -0.039835 
0.865280 -0.040783 
0.859712 -0.041731 
0.854016 -0.042680 
0.848192 -0.043628 
0.842240 -0.044577 
0.836160 -0.045525 
0.829952 -0.046474 
0.823616 -0.047422 
0.817152 -0.048370 
0.810560 -0.049319 
0.803840 -0.050267 
0.796992 -0.051216 
0.790016 -0.052164 
0.782912 -0.053113 
0.775680 -0.054061 
0.768320 -0.055010 
0.760832 -0.055958 
0.753216 -0.056906 
0.745472 -0.057855 
0.737600 -0.058803 
0.729600 -0.059752 
0.721472 -0.060700 
0.713216 -0.061649 
0.704832 -0.062597 
0.696320 -0.063546 
0.687680 -0.064494 
0.678912 -0.065442 
0.670016 -0.066391 
0.660992 -0.067339 
0.651840 -0.068288 
0.642560 -0.069236 
0.633152 -0.070185 
0.623616 -0.071133 
0.942681 -0.022871 
0.939417 -0.023786 
0.936025 -0.024701 
0.932505 -0.025616 
0.928857 -0.026531 
0.925081 -0.027445 
0.921177 -0.028360 
0.917145 -0.029275 
0.912985 -0.030190 
0.908697 -0.031105 
0.904281 -0.032020 
0.899737 -0.032935 
0.895065 -0.033849 
0.890265 -0.034764 
0.885337 -0.035679 
0.880281 -0.036594 
0.875097 -0.037509 
0.869785 -0.038424 
0.864345 -0.039338 
0.858777 -0.040253 
0.853081 -0.041168 
0.847257 -0.042083 
0.841305 -0.042998 
0.835225 -0.043913 
0.829017 -0.044828 
0.822681 -0.045742 
0.816217 -0.046657 
0.809625 -0.047572 
0.802905 -0.048487 
0.796057 -0.049402 
0.789081 -0.050317 
0.781977 -0.051232 
0.774745 -0.052146 
0.767385 -0.053061 
0.759897 -0.053976 
0.752281 -0.054891 
0.744537 -0.055806 
0.736665 -0.056721 
0.728665 -0.057635 
0.720537 -0.058550 
0.712281 -0.059465 
0.703897 -0.060380 
0.695385 -0.061295 
0.686745 -0.062210 
0.677977 -0.063125 
0.669081 -0.064039 
0.660057 -0.064954 
0.650905 -0.065869 
0.641625 -0.066784 
0.632217 -0.067699 
0.622681 -0.068614 
0.941721 -0.022085 
0.938457 -0.022969 
0.935065 -0.023852 
0.931545 -0.024736 
0.927897 -0.025619 
0.924121 -0.026502 
0.920217 -0.027386 
0.916185 -0.028269 
0.912025 -0.029153 
0.907737 -0.030036 
0.903321 -0.030919 
0.898777 -0.031803 
0.894105 -0.032686 
0.889305 -0.033570 
0.884377 -0.034453 
0.879321 -0.035336 
0.874137 -0.036220 
0.868825 -0.037103 
0.863385 -0.037987 
0.857817 -0.038870 
0.852121 -0.039753 
0.846297 -0.040637 
0.840345 -0.041520 
0.834265 -0.042404 
0.828057 -0.043287 
0.821721 -0.044171 
0.815257 -0.045054 
0.808665 -0.045937 
0.801945 -0.046821 
0.795097 -0.047704 
0.788121 -0.048588 
0.781017 -0.049471 
0.773785 -0.050354 
0.766425 -0.051238 
0.758937 -0.052121 
0.751321 -0.053005 
0.743577 -0.053888 
0.735705 -0.054771 
0.727705 -0.055655 
0.719577 -0.056538 
0.711321 -0.057422 
0.702937 -0.058305 
0.694425 -0.059189 
0.685785 -0.060072 
0.677017 -0.060955 
0.668121 -0.061839 
0.659097 -0.062722 
0.649945 -0.063606 
0.640665 -0.064489 
0.631257 -0.065372 
0.621721 -0.066256 
0.940735 -0.021348 
0.937471 -0.022202 
0.934079 -0.023056 
0.930559 -0.023910 
0.926911 -0.024764 
0.923135 -0.025618 
0.919231 -0.026472 
0.915199 -0.027326 
0.911039 -0.028180 
0.906751 -0.029034 
0.902335 -0.029888 
0.897791 -0.030742 
0.893119 -0.031596 
0.888319 -0.032450 
0.883391 -0.033303 
0.878335 -0.034157 
0.873151 -0.035011 
0.867839 -0.035865 
0.862399 -0.036719 
0.856831 -0.037573 
0.851135 -0.038427 
0.845311 -0.039281 
0.839359 -0.040135 
0.833279 -0.040989 
0.827071 -0.041843 
0.820735 -0.042697 
0.814271 -0.043551 
0.807679 -0.044405 
0.800959 -0.045259 
0.794111 -0.046113 
0.787135 -0.046966 
0.780031 -0.047820 
0.772799 -0.048674 
0.765439 -0.049528 
0.757951 -0.050382 
0.750335 -0.051236 
0.742591 -0.052090 
0.734719 -0.052944 
0.726719 -0.053798 
0.718591 -0.054652 
0.710335 -0.055506 
0.701951 -0.056360 
0.693439 -0.057214 
0.684799 -0.058068 
0.676031 -0.058922 
0.667135 -0.059776 
0.658111 -0.060629 
0.648959 -0.061483 
0.639679 -0.062337 
0.630271 -0.063191 
0.620735 -0.064045 
0.939722 -0.020656 
0.936458 -0.021483 
0.933066 -0.022309 
0.929546 -0.023135 
0.925898 -0.023961 
0.922122 -0.024788 
0.918218 -0.025614 
0.914186 -0.026440 
0.910026 -0.027266 
0.905738 -0.028093 
0.901322 -0.028919 
0.896778 -0.029745 
0.892106 -0.030571 
0.887306 -0.031398 
0.882378 -0.032224 
0.877322 -0.033050 
0.872138 -0.033876 
0.866826 -0.034703 
0.861386 -0.035529 
0.855818 -0.036355 
0.850122 -0.037181 
0.844298 -0.038008 
0.838346 -0.038834 
0.832266 -0.039660 
0.826058 -0.040486 
0.819722 -0.041313 
0.813258 -0.042139 
0.806666 -0.042965 
0.799946 -0.043791 
0.793098 -0.044618 
0.786122 -0.045444 
0.779018 -0.046270 
0.771786 -0.047096 
0.764426 -0.047923 
0.756938 -0.048749 
0.749322 -0.049575 
0.741578 -0.050401 
0.733706 -0.051228 
0.725706 -0.052054 
0.717578 -0.052880 
0.709322 -0.053706 
0.700938 -0.054533 
0.692426 -0.055359 
0.683786 -0.056185 
0.675018 -0.057011 
0.666122 -0.057838 
0.657098 -0.058664 
0.647946 -0.059490 
0.638666 -0.060316 
0.629258 -0.061143 
0.619722 -0.061969 
0.938684 -0.020005 
0.935420 -0.020805 
0.932028 -0.021606 
0.928508 -0.022406 
0.924860 -0.023206 
0.921084 -0.024006 
0.917180 -0.024807 
0.913148 -0.025607 
0.908988 -0.026407 
0.904700 -0.027207 
0.900284 -0.028007 
0.895740 -0.028808 
0.891068 -0.029608 
0.886268 -0.030408 
0.881340 -0.031208 
0.876284 -0.032008 
0.871100 -0.032809 
0.865788 -0.033609 
0.860348 -0.034409 
0.854780 -0.035209 
0.849084 -0.036009 
0.843260 -0.036810 
0.837308 -0.037610 
0.831228 -0.038410 
0.825020 -0.039210 
0.818684 -0.040011 
0.812220 -0.040811 
0.805628 -0.041611 
0.798908 -0.042411 
0.792060 -0.043211 
0.785084 -0.044012 
0.777980 -0.044812 
0.770748 -0.045612 
0.763388 -0.046412 
0.755900 -0.047212 
0.748284 -0.048013 
0.740540 -0.048813 
0.732668 -0.049613 
0.724668 -0.050413 
0.716540 -0.051213 
0.708284 -0.052014 
0.699900 -0.052814 
0.691388 -0.053614 
0.682748 -0.054414 
0.673980 -0.055215 
0.665084 -0.056015 
0.656060 -0.056815 
0.646908 -0.057615 
0.637628 -0.058415 
0.628220 -0.059216 
0.618684 -0.060016 
0.937620 -0.019392 
0.934356 -0.020168 
0.930964 -0.020943 
0.927444 -0.021719 
0.923796 -0.022495 
0.920020 -0.023270 
0.916116 -0.024046 
0.912084 -0.024822 
0.907924 -0.025597 
0.903636 -0.026373 
0.899220 -0.027149 
0.894676 -0.027924 
0.890004 -0.028700 
0.885204 -0.029476 
0.880276 -0.030251 
0.875220 -0.031027 
0.870036 -0.031803 
0.864724 -0.032578 
0.859284 -0.033354 
0.853716 -0.034130 
0.848020 -0.034905 
0.842196 -0.035681 
0.836244 -0.036457 
0.830164 -0.037232 
0.823956 -0.038008 
0.817620 -0.038784 
0.811156 -0.039559 
0.804564 -0.040335 
0.797844 -0.041111 
0.790996 -0.041886 
0.784020 -0.042662 
0.776916 -0.043438 
0.769684 -0.044213 
0.762324 -0.044989 
0.754836 -0.045765 
0.747220 -0.046540 
0.739476 -0.047316 
0.731604 -0.048092 
0.723604 -0.048867 
0.715476 -0.049643 
0.707220 -0.050419 
0.698836 -0.051195 
0.690324 -0.051970 
0.681684 -0.052746 
0.672916 -0.053522 
0.664020 -0.054297 
0.654996 -0.055073 
0.645844 -0.055849 
0.636564 -0.056624 
0.627156 -0.057400 
0.617620 -0.058176 
0.936530 -0.018813 
0.933266 -0.019566 
0.929874 -0.020318 
0.926354 -0.021071 
0.922706 -0.021823 
0.918930 -0.022576 
0.915026 -0.023328 
0.910994 -0.024081 
0.906834 -0.024833 
0.902546 -0.025586 
0.898130 -0.026338 
0.893586 -0.027091 
0.888914 -0.027843 
0.884114 -0.028596 
0.879186 -0.029348 
0.874130 -0.030101 
0.868946 -0.030853 
0.863634 -0.031606 
0.858194 -0.032358 
0.852626 -0.033111 
0.846930 -0.033863 
0.841106 -0.034616 
0.835154 -0.035369 
0.829074 -0.036121 
0.822866 -0.036874 
0.816530 -0.037626 
0.810066 -0.038379 
0.803474 -0.039131 
0.796754 -0.039884 
0.789906 -0.040636 
0.782930 -0.041389 
0.775826 -0.042141 
0.768594 -0.042894 
0.761234 -0.043646 
0.753746 -0.044399 
0.746130 -0.045151 
0.738386 -0.045904 
0.730514 -0.046656 
0.722514 -0.047409 
0.714386 -0.048161 
0.706130 -0.048914 
0.697746 -0.049666 
0.689234 -0.050419 
0.680594 -0.051171 
0.671826 -0.051924 
0.662930 -0.052677 
0.653906 -0.053429 
0.644754 -0.054182 
0.635474 -0.054934 
0.626066 -0.055687 
0.616530 -0.056439 
0.935414 -0.018266 
0.932150 -0.018997 
0.928758 -0.019727 
0.925238 -0.020458 
0.921590 -0.021189 
0.917814 -0.021919 
0.913910 -0.022650 
0.909878 -0.023381 
0.905718 -0.024111 
0.901430 -0.024842 
0.897014 -0.025573 
0.892470 -0.026303 
0.887798 -0.027034 
0.882998 -0.027764 
0.878070 -0.028495 
0.873014 -0.029226 
0.867830 -0.029956 
0.862518 -0.030687 
0.857078 -0.031418 
0.851510 -0.032148 
0.845814 -0.032879 
0.839990 -0.033610 
0.834038 -0.034340 
0.827958 -0.035071 
0.821750 -0.035802 
0.815414 -0.036532 
0.808950 -0.037263 
0.802358 -0.037994 
0.795638 -0.038724 
0.788790 -0.039455 
0.781814 -0.040185 
0.774710 -0.040916 
0.767478 -0.041647 
0.760118 -0.042377 
0.752630 -0.043108 
0.745014 -0.043839 
0.737270 -0.044569 
0.729398 -0.045300 
0.721398 -0.046031 
0.713270 -0.046761 
0.705014 -0.047492 
0.696630 -0.048223 
0.688118 -0.048953 
0.679478 -0.049684 
0.670710 -0.050414 
0.661814 -0.051145 
0.652790 -0.051876 
0.643638 -0.052606 
0.634358 -0.053337 
0.624950 -0.054068 
0.615414 -0.054798 
0.934272 -0.017749 
0.931008 -0.018459 
0.927616 -0.019169 
0.924096 -0.019878 
0.920448 -0.020588 
0.916672 -0.021298 
0.912768 -0.022008 
0.908736 -0.022718 
0.904576 -0.023428 
0.900288 -0.024138 
0.895872 -0.024848 
0.891328 -0.025558 
0.886656 -0.026268 
0.881856 -0.026978 
0.876928 -0.027688 
0.871872 -0.028398 
0.866688 -0.029108 
0.861376 -0.029818 
0.855936 -0.030528 
0.850368 -0.031238 
0.844672 -0.031948 
0.838848 -0.032657 
0.832896 -0.033367 
0.826816 -0.034077 
0.820608 -0.034787 
0.814272 -0.035497 
0.807808 -0.036207 
0.801216 -0.036917 
0.794496 -0.037627 
0.787648 -0.038337 
0.780672 -0.039047 
0.773568 -0.039757 
0.766336 -0.040467 
0.758976 -0.041177 
0.751488 -0.041887 
0.743872 -0.042597 
0.736128 -0.043307 
0.728256 -0.044017 
0.720256 -0.044727 
0.712128 -0.045436 
0.703872 -0.046146 
0.695488 -0.046856 
0.686976 -0.047566 
0.678336 -0.048276 
0.669568 -0.048986 
0.660672 -0.049696 
0.651648 -0.050406 
0.642496 -0.051116 
0.633216 -0.051826 
0.623808 -0.052536 
0.614272 -0.053246 
0.933104 -0.017258 
0.929840 -0.017949 
0.926448 -0.018639 
0.922928 -0.019329 
0.919280 -0.020020 
0.915504 -0.020710 
0.911600 -0.021400 
0.907568 -0.022091 
0.903408 -0.022781 
0.899120 -0.023471 
0.894704 -0.024162 
0.890160 -0.024852 
0.885488 -0.025542 
0.880688 -0.026233 
0.875760 -0.026923 
0.870704 -0.027613 
0.865520 -0.028304 
0.860208 -0.028994 
0.854768 -0.029684 
0.849200 -0.030375 
0.843504 -0.031065 
0.837680 -0.031755 
0.831728 -0.032446 
0.825648 -0.033136 
0.819440 -0.033826 
0.813104 -0.034517 
0.806640 -0.035207 
0.800048 -0.035897 
0.793328 -0.036588 
0.786480 -0.037278 
0.779504 -0.037968 
0.772400 -0.038659 
0.765168 -0.039349 
0.757808 -0.040039 
0.750320 -0.040730 
0.742704 -0.041420 
0.734960 -0.042110 
0.727088 -0.042801 
0.719088 -0.043491 
0.710960 -0.044181 
0.702704 -0.044872 
0.694320 -0.045562 
0.685808 -0.046252 
0.677168 -0.046943 
0.668400 -0.047633 
0.659504 -0.048323 
0.650480 -0.049014 
0.641328 -0.049704 
0.632048 -0.050394 
0.622640 -0.051085 
0.613104 -0.051775 
0.931910 -0.016793 
0.928646 -0.017465 
0.925254 -0.018137 
0.921734 -0.018808 
0.918086 -0.019480 
0.914310 -0.020152 
0.910406 -0.020824 
0.906374 -0.021495 
0.902214 -0.022167 
0.897926 -0.022839 
0.893510 -0.023511 
0.888966 -0.024182 
0.884294 -0.024854 
0.879494 -0.025526 
0.874566 -0.026197 
0.869510 -0.026869 
0.864326 -0.027541 
0.859014 -0.028213 
0.853574 -0.028884 
0.848006 -0.029556 
0.842310 -0.030228 
0.836486 -0.030900 
0.830534 -0.031571 
0.824454 -0.032243 
0.818246 -0.032915 
0.811910 -0.033587 
0.805446 -0.034258 
0.798854 -0.034930 
0.792134 -0.035602 
0.785286 -0.036273 
0.778310 -0.036945 
0.771206 -0.037617 
0.763974 -0.038289 
0.756614 -0.038960 
0.749126 -0.039632 
0.741510 -0.040304 
0.733766 -0.040976 
0.725894 -0.041647 
0.717894 -0.042319 
0.709766 -0.042991 
0.701510 -0.043662 
0.693126 -0.044334 
0.684614 -0.045006 
0.675974 -0.045678 
0.667206 -0.046349 
0.658310 -0.047021 
0.649286 -0.047693 
0.640134 -0.048365 
0.630854 -0.049036 
0.621446 -0.049708 
0.611910 -0.050380 
0.930691 -0.016352 
0.927427 -0.017006 
0.924035 -0.017660 
0.920515 -0.018314 
0.916867 -0.018968 
0.913091 -0.019622 
0.909187 -0.020276 
0.905155 -0.020930 
0.900995 -0.021584 
0.896707 -0.022238 
0.892291 -0.022892 
0.887747 -0.023546 
0.883075 -0.024200 
0.878275 -0.024854 
0.873347 -0.025508 
0.868291 -0.026163 
0.863107 -0.026817 
0.857795 -0.027471 
0.852355 -0.028125 
0.846787 -0.028779 
0.841091 -0.029433 
0.835267 -0.030087 
0.829315 -0.030741 
0.823235 -0.031395 
0.817027 -0.032049 
0.810691 -0.032703 
0.804227 -0.033357 
0.797635 -0.034011 
0.790915 -0.034665 
0.784067 -0.035319 
0.777091 -0.035973 
0.769987 -0.036628 
0.762755 -0.037282 
0.755395 -0.037936 
0.747907 -0.038590 
0.740291 -0.039244 
0.732547 -0.039898 
0.724675 -0.040552 
0.716675 -0.041206 
0.708547 -0.041860 
0.700291 -0.042514 
0.691907 -0.043168 
0.683395 -0.043822 
0.674755 -0.044476 
0.665987 -0.045130 
0.657091 -0.045784 
0.648067 -0.046439 
0.638915 -0.047093 
0.629635 -0.047747 
0.620227 -0.048401 
0.610691 -0.049055 
0.929445 -0.015932 
0.926181 -0.016569 
0.922789 -0.017206 
0.919269 -0.017843 
0.915621 -0.018481 
0.911845 -0.019118 
0.907941 -0.019755 
0.903909 -0.020393 
0.899749 -0.021030 
0.895461 -0.021667 
0.891045 -0.022304 
0.886501 -0.022942 
0.881829 -0.023579 
0.877029 -0.024216 
0.872101 -0.024853 
0.867045 -0.025491 
0.861861 -0.026128 
0.856549 -0.026765 
0.851109 -0.027402 
0.845541 -0.028040 
0.839845 -0.028677 
0.834021 -0.029314 
0.828069 -0.029952 
0.821989 -0.030589 
0.815781 -0.031226 
0.809445 -0.031863 
0.802981 -0.032501 
0.796389 -0.033138 
0.789669 -0.033775 
0.782821 -0.034412 
0.775845 -0.035050 
0.768741 -0.035687 
0.761509 -0.036324 
0.754149 -0.036961 
0.746661 -0.037599 
0.739045 -0.038236 
0.731301 -0.038873 
0.723429 -0.039511 
0.715429 -0.040148 
0.707301 -0.040785 
0.699045 -0.041422 
0.690661 -0.042060 
0.682149 -0.042697 
0.673509 -0.043334 
0.664741 -0.043971 
0.655845 -0.044609 
0.646821 -0.045246 
0.637669 -0.045883 
0.628389 -0.046520 
0.618981 -0.047158 
0.609445 -0.047795 
0.928173 -0.015532 
0.924909 -0.016153 
0.921517 -0.016775 
0.917997 -0.017396 
0.914349 -0.018017 
0.910573 -0.018638 
0.906669 -0.019260 
0.902637 -0.019881 
0.898477 -0.020502 
0.894189 -0.021124 
0.889773 -0.021745 
0.885229 -0.022366 
0.880557 -0.022987 
0.875757 -0.023609 
0.870829 -0.024230 
0.865773 -0.024851 
0.860589 -0.025472 
0.855277 -0.026094 
0.849837 -0.026715 
0.844269 -0.027336 
0.838573 -0.027958 
0.832749 -0.028579 
0.826797 -0.029200 
0.820717 -0.029821 
0.814509 -0.030443 
0.808173 -0.031064 
0.801709 -0.031685 
0.795117 -0.032307 
0.788397 -0.032928 
0.781549 -0.033549 
0.774573 -0.034170 
0.767469 -0.034792 
0.760237 -0.035413 
0.752877 -0.036034 
0.745389 -0.036656 
0.737773 -0.037277 
0.730029 -0.037898 
0.722157 -0.038519 
0.714157 -0.039141 
0.706029 -0.039762 
0.697773 -0.040383 
0.689389 -0.041004 
0.680877 -0.041626 
0.672237 -0.042247 
0.663469 -0.042868 
0.654573 -0.043490 
0.645549 -0.044111 
0.636397 -0.044732 
0.627117 -0.045353 
0.617709 -0.045975 
0.608173 -0.046596 
0.926876 -0.015151 
0.923612 -0.015757 
0.920220 -0.016363 
0.916700 -0.016969 
0.913052 -0.017575 
0.909276 -0.018181 
0.905372 -0.018787 
0.901340 -0.019394 
0.897180 -0.020000 
0.892892 -0.020606 
0.888476 -0.021212 
0.883932 -0.021818 
0.879260 -0.022424 
0.874460 -0.023030 
0.869532 -0.023636 
0.864476 -0.024242 
0.859292 -0.024848 
0.853980 -0.025454 
0.848540 -0.026060 
0.842972 -0.026666 
0.837276 -0.027272 
0.831452 -0.027878 
0.825500 -0.028484 
0.819420 -0.029090 
0.813212 -0.029696 
0.806876 -0.030302 
0.800412 -0.030908 
0.793820 -0.031514 
0.787100 -0.032121 
0.780252 -0.032727 
0.773276 -0.033333 
0.766172 -0.033939 
0.758940 -0.034545 
0.751580 -0.035151 
0.744092 -0.035757 
0.736476 -0.036363 
0.728732 -0.036969 
0.720860 -0.037575 
0.712860 -0.038181 
0.704732 -0.038787 
0.696476 -0.039393 
0.688092 -0.039999 
0.679580 -0.040605 
0.670940 -0.041211 
0.662172 -0.041817 
0.653276 -0.042423 
0.644252 -0.043029 
0.635100 -0.043635 
0.625820 -0.044241 
0.616412 -0.044848 
0.606876 -0.045454 
0.925553 -0.014788 
0.922289 -0.015380 
0.918897 -0.015971 
0.915377 -0.016563 
0.911729 -0.017154 
0.907953 -0.017746 
0.904049 -0.018337 
0.900017 -0.018929 
0.895857 -0.019520 
0.891569 -0.020112 
0.887153 -0.020703 
0.882609 -0.021295 
0.877937 -0.021886 
0.873137 -0.022478 
0.868209 -0.023069 
0.863153 -0.023661 
0.857969 -0.024252 
0.852657 -0.024844 
0.847217 -0.025435 
0.841649 -0.026027 
0.835953 -0.026618 
0.830129 -0.027210 
0.824177 -0.027801 
0.818097 -0.028393 
0.811889 -0.028985 
0.805553 -0.029576 
0.799089 -0.030168 
0.792497 -0.030759 
0.785777 -0.031351 
0.778929 -0.031942 
0.771953 -0.032534 
0.764849 -0.033125 
0.757617 -0.033717 
0.750257 -0.034308 
0.742769 -0.034900 
0.735153 -0.035491 
0.727409 -0.036083 
0.719537 -0.036674 
0.711537 -0.037266 
0.703409 -0.037857 
0.695153 -0.038449 
0.686769 -0.039040 
0.678257 -0.039632 
0.669617 -0.040223 
0.660849 -0.040815 
0.651953 -0.041406 
0.642929 -0.041998 
0.633777 -0.042590 
0.624497 -0.043181 
0.615089 -0.043773 
0.605553 -0.044364 
0.924203 -0.014441 
0.920939 -0.015019 
0.917547 -0.015597 
0.914027 -0.016174 
0.910379 -0.016752 
0.906603 -0.017330 
0.902699 -0.017907 
0.898667 -0.018485 
0.894507 -0.019063 
0.890219 -0.019640 
0.885803 -0.020218 
0.881259 -0.020796 
0.876587 -0.021373 
0.871787 -0.021951 
0.866859 -0.022528 
0.861803 -0.023106 
0.856619 -0.023684 
0.851307 -0.024261 
0.845867 -0.024839 
0.840299 -0.025417 
0.834603 -0.025994 
0.828779 -0.026572 
0.822827 -0.027150 
0.816747 -0.027727 
0.810539 -0.028305 
0.804203 -0.028883 
0.797739 -0.029460 
0.791147 -0.030038 
0.784427 -0.030616 
0.777579 -0.031193 
0.770603 -0.031771 
0.763499 -0.032349 
0.756267 -0.032926 
0.748907 -0.033504 
0.741419 -0.034082 
0.733803 -0.034659 
0.726059 -0.035237 
0.718187 -0.035815 
0.710187 -0.036392 
0.702059 -0.036970 
0.693803 -0.037547 
0.685419 -0.038125 
0.676907 -0.038703 
0.668267 -0.039280 
0.659499 -0.039858 
0.650603 -0.040436 
0.641579 -0.041013 
0.632427 -0.041591 
0.623147 -0.042169 
0.613739 -0.042746 
0.604203 -0.043324 
0.922828 -0.014110 
0.919564 -0.014674 
0.916172 -0.015239 
0.912652 -0.015803 
0.909004 -0.016368 
0.905228 -0.016932 
0.901324 -0.017496 
0.897292 -0.018061 
0.893132 -0.018625 
0.888844 -0.019190 
0.884428 -0.019754 
0.879884 -0.020318 
0.875212 -0.020883 
0.870412 -0.021447 
0.865484 -0.022012 
0.860428 -0.022576 
0.855244 -0.023141 
0.849932 -0.023705 
0.844492 -0.024269 
0.838924 -0.024834 
0.833228 -0.025398 
0.827404 -0.025963 
0.821452 -0.026527 
0.815372 -0.027091 
0.809164 -0.027656 
0.802828 -0.028220 
0.796364 -0.028785 
0.789772 -0.029349 
0.783052 -0.029913 
0.776204 -0.030478 
0.769228 -0.031042 
0.762124 -0.031607 
0.754892 -0.032171 
0.747532 -0.032735 
0.740044 -0.033300 
0.732428 -0.033864 
0.724684 -0.034429 
0.716812 -0.034993 
0.708812 -0.035557 
0.700684 -0.036122 
0.692428 -0.036686 
0.684044 -0.037251 
0.675532 -0.037815 
0.666892 -0.038379 
0.658124 -0.038944 
0.649228 -0.039508 
0.640204 -0.040073 
0.631052 -0.040637 
0.621772 -0.041201 
0.612364 -0.041766 
0.602828 -0.042330 
0.921427 -0.013793 
0.918163 -0.014345 
0.914771 -0.014897 
0.911251 -0.015448 
0.907603 -0.016000 
0.903827 -0.016552 
0.899923 -0.017104 
0.895891 -0.017655 
0.891731 -0.018207 
0.887443 -0.018759 
0.883027 -0.019311 
0.878483 -0.019862 
0.873811 -0.020414 
0.869011 -0.020966 
0.864083 -0.021517 
0.859027 -0.022069 
0.853843 -0.022621 
0.848531 -0.023173 
0.843091 -0.023724 
0.837523 -0.024276 
0.831827 -0.024828 
0.826003 -0.025380 
0.820051 -0.025931 
0.813971 -0.026483 
0.807763 -0.027035 
0.801427 -0.027587 
0.794963 -0.028138 
0.788371 -0.028690 
0.781651 -0.029242 
0.774803 -0.029793 
0.767827 -0.030345 
0.760723 -0.030897 
0.753491 -0.031449 
0.746131 -0.032000 
0.738643 -0.032552 
0.731027 -0.033104 
0.723283 -0.033656 
0.715411 -0.034207 
0.707411 -0.034759 
0.699283 -0.035311 
0.691027 -0.035862 
0.682643 -0.036414 
0.674131 -0.036966 
0.665491 -0.037518 
0.656723 -0.038069 
0.647827 -0.038621 
0.638803 -0.039173 
0.629651 -0.039725 
0.620371 -0.040276 
0.610963 -0.040828 
0.601427 -0.041380 
0.920000 -0.013490 
0.916736 -0.014030 
0.913344 -0.014569 
0.909824 -0.015109 
0.906176 -0.015648 
0.902400 -0.016188 
0.898496 -0.016728 
0.894464 -0.017267 
0.890304 -0.017807 
0.886016 -0.018346 
0.881600 -0.018886 
0.877056 -0.019426 
0.872384 -0.019965 
0.867584 -0.020505 
0.862656 -0.021044 
0.857600 -0.021584 
0.852416 -0.022124 
0.847104 -0.022663 
0.841664 -0.023203 
0.836096 -0.023742 
0.830400 -0.024282 
0.824576 -0.024822 
0.818624 -0.025361 
0.812544 -0.025901 
0.806336 -0.026440 
0.800000 -0.026980 
0.793536 -0.027520 
0.786944 -0.028059 
0.780224 -0.028599 
0.773376 -0.029138 
0.766400 -0.029678 
0.759296 -0.030218 
0.752064 -0.030757 
0.744704 -0.031297 
0.737216 -0.031836 
0.729600 -0.032376 
0.721856 -0.032916 
0.713984 -0.033455 
0.705984 -0.033995 
0.697856 -0.034534 
0.689600 -0.035074 
0.681216 -0.035614 
0.672704 -0.036153 
0.664064 -0.036693 
0.655296 -0.037232 
0.646400 -0.037772 
0.637376 -0.038312 
0.628224 -0.038851 
0.618944 -0.039391 
0.609536 -0.039930 
0.600000 -0.040470 
