-1.000000
-0.902500
-0.810000
-0.722500
-0.640000
-0.562500
-0.490000
-0.422500
-0.360000
-0.302500
-0.250000
-0.202500
-0.160000
-0.122500
-0.090000
-0.062500
-0.040000
-0.022500
-0.010000
-0.002500
0.000000
-0.002500
-0.010000
-0.022500
-0.040000
-0.062500
-0.090000
-0.122500
-0.160000
-0.202500
-0.250000
-0.302500
-0.360000
-0.422500
-0.490000
-0.562500
-0.640000
-0.722500
-0.810000
-0.902500
-1.000000
-0.902500
-0.805000
-0.712500
-0.625000
-0.542500
-0.465000
-0.392500
-0.325000
-0.262500
-0.205000
-0.152500
-0.105000
-0.062500
-0.025000
0.007500
0.035000
0.057500
0.075000
0.087500
0.095000
0.097500
0.095000
0.087500
0.075000
0.057500
0.035000
0.007500
-0.025000
-0.062500
-0.105000
-0.152500
-0.205000
-0.262500
-0.325000
-0.392500
-0.465000
-0.542500
-0.625000
-0.712500
-0.805000
-0.902500
-0.810000
-0.712500
-0.620000
-0.532500
-0.450000
-0.372500
-0.300000
-0.232500
-0.170000
-0.112500
-0.060000
-0.012500
0.030000
0.067500
0.100000
0.127500
0.150000
0.167500
0.180000
0.187500
0.190000
0.187500
0.180000
0.167500
0.150000
0.127500
0.100000
0.067500
0.030000
-0.012500
-0.060000
-0.112500
-0.170000
-0.232500
-0.300000
-0.372500
-0.450000
-0.532500
-0.620000
-0.712500
-0.810000
-0.722500
-0.625000
-0.532500
-0.445000
-0.362500
-0.285000
-0.212500
-0.145000
-0.082500
-0.025000
0.027500
0.075000
0.117500
0.155000
0.187500
0.215000
0.237500
0.255000
0.267500
0.275000
0.277500
0.275000
0.267500
0.255000
0.237500
0.215000
0.187500
0.155000
0.117500
0.075000
0.027500
-0.025000
-0.082500
-0.145000
-0.212500
-0.285000
-0.362500
-0.445000
-0.532500
-0.625000
-0.722500
-0.640000
-0.542500
-0.450000
-0.362500
-0.280000
-0.202500
-0.130000
-0.062500
-0.000000
0.057500
0.110000
0.157500
0.200000
0.237500
0.270000
0.297500
0.320000
0.337500
0.350000
0.357500
0.360000
0.357500
0.350000
0.337500
0.320000
0.297500
0.270000
0.237500
0.200000
0.157500
0.110000
0.057500
-0.000000
-0.062500
-0.130000
-0.202500
-0.280000
-0.362500
-0.450000
-0.542500
-0.640000
-0.562500
-0.465000
-0.372500
-0.285000
-0.202500
-0.125000
-0.052500
0.015000
0.077500
0.135000
0.187500
0.235000
0.277500
0.315000
0.347500
0.375000
0.397500
0.415000
0.427500
0.435000
0.437500
0.435000
0.427500
0.415000
0.397500
0.375000
0.347500
0.315000
0.277500
0.235000
0.187500
0.135000
0.077500
0.015000
-0.052500
-0.125000
-0.202500
-0.285000
-0.372500
-0.465000
-0.562500
-0.490000
-0.392500
-0.300000
-0.212500
-0.130000
-0.052500
0.020000
0.087500
0.150000
0.207500
0.260000
0.307500
0.350000
0.387500
0.420000
0.447500
0.470000
0.487500
0.500000
0.507500
0.510000
0.507500
0.500000
0.487500
0.470000
0.447500
0.420000
0.387500
0.350000
0.307500
0.260000
0.207500
0.150000
0.087500
0.020000
-0.052500
-0.130000
-0.212500
-0.300000
-0.392500
-0.490000
-0.422500
-0.325000
-0.232500
-0.145000
-0.062500
0.015000
0.087500
0.155000
0.217500
0.275000
0.327500
0.375000
0.417500
0.455000
0.487500
0.515000
0.537500
0.555000
0.567500
0.575000
0.577500
0.575000
0.567500
0.555000
0.537500
0.515000
0.487500
0.455000
0.417500
0.375000
0.327500
0.275000
0.217500
0.155000
0.087500
0.015000
-0.062500
-0.145000
-0.232500
-0.325000
-0.422500
-0.360000
-0.262500
-0.170000
-0.082500
-0.000000
0.077500
0.150000
0.217500
0.280000
0.337500
0.390000
0.437500
0.480000
0.517500
0.550000
0.577500
0.600000
0.617500
0.630000
0.637500
0.640000
0.637500
0.630000
0.617500
0.600000
0.577500
0.550000
0.517500
0.480000
0.437500
0.390000
0.337500
0.280000
0.217500
0.150000
0.077500
-0.000000
-0.082500
-0.170000
-0.262500
-0.360000
-0.302500
-0.205000
-0.112500
-0.025000
0.057500
0.135000
0.207500
0.275000
0.337500
0.395000
0.447500
0.495000
0.537500
0.575000
0.607500
0.635000
0.657500
0.675000
0.687500
0.695000
0.697500
0.695000
0.687500
0.675000
0.657500
0.635000
0.607500
0.575000
0.537500
0.495000
0.447500
0.395000
0.337500
0.275000
0.207500
0.135000
0.057500
-0.025000
-0.112500
-0.205000
-0.302500
-0.250000
-0.152500
-0.060000
0.027500
0.110000
0.187500
0.260000
0.327500
0.390000
0.447500
0.500000
0.547500
0.590000
0.627500
0.660000
0.687500
0.710000
0.727500
0.740000
0.747500
0.750000
0.747500
0.740000
0.727500
0.710000
0.687500
0.660000
0.627500
0.590000
0.547500
0.500000
0.447500
0.390000
0.327500
0.260000
0.187500
0.110000
0.027500
-0.060000
-0.152500
-0.250000
-0.202500
-0.105000
-0.012500
0.075000
0.157500
0.235000
0.307500
0.375000
0.437500
0.495000
0.547500
0.595000
0.637500
0.675000
0.707500
0.735000
0.757500
0.775000
0.787500
0.795000
0.797500
0.795000
0.787500
0.775000
0.757500
0.735000
0.707500
0.675000
0.637500
0.595000
0.547500
0.495000
0.437500
0.375000
0.307500
0.235000
0.157500
0.075000
-0.012500
-0.105000
-0.202500
-0.160000
-0.062500
0.030000
0.117500
0.200000
0.277500
0.350000
0.417500
0.480000
0.537500
0.590000
0.637500
0.680000
0.717500
0.750000
0.777500
0.800000
0.817500
0.830000
0.837500
0.840000
0.837500
0.830000
0.817500
0.800000
0.777500
0.750000
0.717500
0.680000
0.637500
0.590000
0.537500
0.480000
0.417500
0.350000
0.277500
0.200000
0.117500
0.030000
-0.062500
-0.160000
-0.122500
-0.025000
0.067500
0.155000
0.237500
0.315000
0.387500
0.455000
0.517500
0.575000
0.627500
0.675000
0.717500
0.755000
0.787500
0.815000
0.837500
0.855000
0.867500
0.875000
0.877500
0.875000
0.867500
0.855000
0.837500
0.815000
0.787500
0.755000
0.717500
0.675000
0.627500
0.575000
0.517500
0.455000
0.387500
0.315000
0.237500
0.155000
0.067500
-0.025000
-0.122500
-0.090000
0.007500
0.100000
0.187500
0.270000
0.347500
0.420000
0.487500
0.550000
0.607500
0.660000
0.707500
0.750000
0.787500
0.820000
0.847500
0.870000
0.887500
0.900000
0.907500
0.910000
0.907500
0.900000
0.887500
0.870000
0.847500
0.820000
0.787500
0.750000
0.707500
0.660000
0.607500
0.550000
0.487500
0.420000
0.347500
0.270000
0.187500
0.100000
0.007500
-0.090000
-0.062500
0.035000
0.127500
0.215000
0.297500
0.375000
0.447500
0.515000
0.577500
0.635000
0.687500
0.735000
0.777500
0.815000
0.847500
0.875000
0.897500
0.915000
0.927500
0.935000
0.937500
0.935000
0.927500
0.915000
0.897500
0.875000
0.847500
0.815000
0.777500
0.735000
0.687500
0.635000
0.577500
0.515000
0.447500
0.375000
0.297500
0.215000
0.127500
0.035000
-0.062500
-0.040000
0.057500
0.150000
0.237500
0.320000
0.397500
0.470000
0.537500
0.600000
0.657500
0.710000
0.757500
0.800000
0.837500
0.870000
0.897500
0.920000
0.937500
0.950000
0.957500
0.960000
0.957500
0.950000
0.937500
0.920000
0.897500
0.870000
0.837500
0.800000
0.757500
0.710000
0.657500
0.600000
0.537500
0.470000
0.397500
0.320000
0.237500
0.150000
0.057500
-0.040000
-0.022500
0.075000
0.167500
0.255000
0.337500
0.415000
0.487500
0.555000
0.617500
0.675000
0.727500
0.775000
0.817500
0.855000
0.887500
0.915000
0.937500
0.955000
0.967500
0.975000
0.977500
0.975000
0.967500
0.955000
0.937500
0.915000
0.887500
0.855000
0.817500
0.775000
0.727500
0.675000
0.617500
0.555000
0.487500
0.415000
0.337500
0.255000
0.167500
0.075000
-0.022500
-0.010000
0.087500
0.180000
0.267500
0.350000
0.427500
0.500000
0.567500
0.630000
0.687500
0.740000
0.787500
0.830000
0.867500
0.900000
0.927500
0.950000
0.967500
0.980000
0.987500
0.990000
0.987500
0.980000
0.967500
0.950000
0.927500
0.900000
0.867500
0.830000
0.787500
0.740000
0.687500
0.630000
0.567500
0.500000
0.427500
0.350000
0.267500
0.180000
0.087500
-0.010000
-0.002500
0.095000
0.187500
0.275000
0.357500
0.435000
0.507500
0.575000
0.637500
0.695000
0.747500
0.795000
0.837500
0.875000
0.907500
0.935000
0.957500
0.975000
0.987500
0.995000
0.997500
0.995000
0.987500
0.975000
0.957500
0.935000
0.907500
0.875000
0.837500
0.795000
0.747500
0.695000
0.637500
0.575000
0.507500
0.435000
0.357500
0.275000
0.187500
0.095000
-0.002500
0.000000
0.097500
0.190000
0.277500
0.360000
0.437500
0.510000
0.577500
0.640000
0.697500
0.750000
0.797500
0.840000
0.877500
0.910000
0.937500
0.960000
0.977500
0.990000
0.997500
1.000000
0.997500
0.990000
0.977500
0.960000
0.937500
0.910000
0.877500
0.840000
0.797500
0.750000
0.697500
0.640000
0.577500
0.510000
0.437500
0.360000
0.277500
0.190000
0.097500
0.000000
-0.002500
0.095000
0.187500
0.275000
0.357500
0.435000
0.507500
0.575000
0.637500
0.695000
0.747500
0.795000
0.837500
0.875000
0.907500
0.935000
0.957500
0.975000
0.987500
0.995000
0.997500
0.995000
0.987500
0.975000
0.957500
0.935000
0.907500
0.875000
0.837500
0.795000
0.747500
0.695000
0.637500
0.575000
0.507500
0.435000
0.357500
0.275000
0.187500
0.095000
-0.002500
-0.010000
0.087500
0.180000
0.267500
0.350000
0.427500
0.500000
0.567500
0.630000
0.687500
0.740000
0.787500
0.830000
0.867500
0.900000
0.927500
0.950000
0.967500
0.980000
0.987500
0.990000
0.987500
0.980000
0.967500
0.950000
0.927500
0.900000
0.867500
0.830000
0.787500
0.740000
0.687500
0.630000
0.567500
0.500000
0.427500
0.350000
0.267500
0.180000
0.087500
-0.010000
-0.022500
0.075000
0.167500
0.255000
0.337500
0.415000
0.487500
0.555000
0.617500
0.675000
0.727500
0.775000
0.817500
0.855000
0.887500
0.915000
0.937500
0.955000
0.967500
0.975000
0.977500
0.975000
0.967500
0.955000
0.937500
0.915000
0.887500
0.855000
0.817500
0.775000
0.727500
0.675000
0.617500
0.555000
0.487500
0.415000
0.337500
0.255000
0.167500
0.075000
-0.022500
-0.040000
0.057500
0.150000
0.237500
0.320000
0.397500
0.470000
0.537500
0.600000
0.657500
0.710000
0.757500
0.800000
0.837500
0.870000
0.897500
0.920000
0.937500
0.950000
0.957500
0.960000
0.957500
0.950000
0.937500
0.920000
0.897500
0.870000
0.837500
0.800000
0.757500
0.710000
0.657500
0.600000
0.537500
0.470000
0.397500
0.320000
0.237500
0.150000
0.057500
-0.040000
-0.062500
0.035000
0.127500
0.215000
0.297500
0.375000
0.447500
0.515000
0.577500
0.635000
0.687500
0.735000
0.777500
0.815000
0.847500
0.875000
0.897500
0.915000
0.927500
0.935000
0.937500
0.935000
0.927500
0.915000
0.897500
0.875000
0.847500
0.815000
0.777500
0.735000
0.687500
0.635000
0.577500
0.515000
0.447500
0.375000
0.297500
0.215000
0.127500
0.035000
-0.062500
-0.090000
0.007500
0.100000
0.187500
0.270000
0.347500
0.420000
0.487500
0.550000
0.607500
0.660000
0.707500
0.750000
0.787500
0.820000
0.847500
0.870000
0.887500
0.900000
0.907500
0.910000
0.907500
0.900000
0.887500
0.870000
0.847500
0.820000
0.787500
0.750000
0.707500
0.660000
0.607500
0.550000
0.487500
0.420000
0.347500
0.270000
0.187500
0.100000
0.007500
-0.090000
-0.122500
-0.025000
0.067500
0.155000
0.237500
0.315000
0.387500
0.455000
0.517500
0.575000
0.627500
0.675000
0.717500
0.755000
0.787500
0.815000
0.837500
0.855000
0.867500
0.875000
0.877500
0.875000
0.867500
0.855000
0.837500
0.815000
0.787500
0.755000
0.717500
0.675000
0.627500
0.575000
0.517500
0.455000
0.387500
0.315000
0.237500
0.155000
0.067500
-0.025000
-0.122500
-0.160000
-0.062500
0.030000
0.117500
0.200000
0.277500
0.350000
0.417500
0.480000
0.537500
0.590000
0.637500
0.680000
0.717500
0.750000
0.777500
0.800000
0.817500
0.830000
0.837500
0.840000
0.837500
0.830000
0.817500
0.800000
0.777500
0.750000
0.717500
0.680000
0.637500
0.590000
0.537500
0.480000
0.417500
0.350000
0.277500
0.200000
0.117500
0.030000
-0.062500
-0.160000
-0.202500
-0.105000
-0.012500
0.075000
0.157500
0.235000
0.307500
0.375000
0.437500
0.495000
0.547500
0.595000
0.637500
0.675000
0.707500
0.735000
0.757500
0.775000
0.787500
0.795000
0.797500
0.795000
0.787500
0.775000
0.757500
0.735000
0.707500
0.675000
0.637500
0.595000
0.547500
0.495000
0.437500
0.375000
0.307500
0.235000
0.157500
0.075000
-0.012500
-0.105000
-0.202500
-0.250000
-0.152500
-0.060000
0.027500
0.110000
0.187500
0.260000
0.327500
0.390000
0.447500
0.500000
0.547500
0.590000
0.627500
0.660000
0.687500
0.710000
0.727500
0.740000
0.747500
0.750000
0.747500
0.740000
0.727500
0.710000
0.687500
0.660000
0.627500
0.590000
0.547500
0.500000
0.447500
0.390000
0.327500
0.260000
0.187500
0.110000
0.027500
-0.060000
-0.152500
-0.250000
-0.302500
-0.205000
-0.112500
-0.025000
0.057500
0.135000
0.207500
0.275000
0.337500
0.395000
0.447500
0.495000
0.537500
0.575000
0.607500
0.635000
0.657500
0.675000
0.687500
0.695000
0.697500
0.695000
0.687500
0.675000
0.657500
0.635000
0.607500
0.575000
0.537500
0.495000
0.447500
0.395000
0.337500
0.275000
0.207500
0.135000
0.057500
-0.025000
-0.112500
-0.205000
-0.302500
-0.360000
-0.262500
-0.170000
-0.082500
-0.000000
0.077500
0.150000
0.217500
0.280000
0.337500
0.390000
0.437500
0.480000
0.517500
0.550000
0.577500
0.600000
0.617500
0.630000
0.637500
0.640000
0.637500
0.630000
0.617500
0.600000
0.577500
0.550000
0.517500
0.480000
0.437500
0.390000
0.337500
0.280000
0.217500
0.150000
0.077500
-0.000000
-0.082500
-0.170000
-0.262500
-0.360000
-0.422500
-0.325000
-0.232500
-0.145000
-0.062500
0.015000
0.087500
0.155000
0.217500
0.275000
0.327500
0.375000
0.417500
0.455000
0.487500
0.515000
0.537500
0.555000
0.567500
0.575000
0.577500
0.575000
0.567500
0.555000
0.537500
0.515000
0.487500
0.455000
0.417500
0.375000
0.327500
0.275000
0.217500
0.155000
0.087500
0.015000
-0.062500
-0.145000
-0.232500
-0.325000
-0.422500
-0.490000
-0.392500
-0.300000
-0.212500
-0.130000
-0.052500
0.020000
0.087500
0.150000
0.207500
0.260000
0.307500
0.350000
0.387500
0.420000
0.447500
0.470000
0.487500
0.500000
0.507500
0.510000
0.507500
0.500000
0.487500
0.470000
0.447500
0.420000
0.387500
0.350000
0.307500
0.260000
0.207500
0.150000
0.087500
0.020000
-0.052500
-0.130000
-0.212500
-0.300000
-0.392500
-0.490000
-0.562500
-0.465000
-0.372500
-0.285000
-0.202500
-0.125000
-0.052500
0.015000
0.077500
0.135000
0.187500
0.235000
0.277500
0.315000
0.347500
0.375000
0.397500
0.415000
0.427500
0.435000
0.437500
0.435000
0.427500
0.415000
0.397500
0.375000
0.347500
0.315000
0.277500
0.235000
0.187500
0.135000
0.077500
0.015000
-0.052500
-0.125000
-0.202500
-0.285000
-0.372500
-0.465000
-0.562500
-0.640000
-0.542500
-0.450000
-0.362500
-0.280000
-0.202500
-0.130000
-0.062500
-0.000000
0.057500
0.110000
0.157500
0.200000
0.237500
0.270000
0.297500
0.320000
0.337500
0.350000
0.357500
0.360000
0.357500
0.350000
0.337500
0.320000
0.297500
0.270000
0.237500
0.200000
0.157500
0.110000
0.057500
-0.000000
-0.062500
-0.130000
-0.202500
-0.280000
-0.362500
-0.450000
-0.542500
-0.640000
-0.722500
-0.625000
-0.532500
-0.445000
-0.362500
-0.285000
-0.212500
-0.145000
-0.082500
-0.025000
0.027500
0.075000
0.117500
0.155000
0.187500
0.215000
0.237500
0.255000
0.267500
0.275000
0.277500
0.275000
0.267500
0.255000
0.237500
0.215000
0.187500
0.155000
0.117500
0.075000
0.027500
-0.025000
-0.082500
-0.145000
-0.212500
-0.285000
-0.362500
-0.445000
-0.532500
-0.625000
-0.722500
-0.810000
-0.712500
-0.620000
-0.532500
-0.450000
-0.372500
-0.300000
-0.232500
-0.170000
-0.112500
-0.060000
-0.012500
0.030000
0.067500
0.100000
0.127500
0.150000
0.167500
0.180000
0.187500
0.190000
0.187500
0.180000
0.167500
0.150000
0.127500
0.100000
0.067500
0.030000
-0.012500
-0.060000
-0.112500
-0.170000
-0.232500
-0.300000
-0.372500
-0.450000
-0.532500
-0.620000
-0.712500
-0.810000
-0.902500
-0.805000
-0.712500
-0.625000
-0.542500
-0.465000
-0.392500
-0.325000
-0.262500
-0.205000
-0.152500
-0.105000
-0.062500
-0.025000
0.007500
0.035000
0.057500
0.075000
0.087500
0.095000
0.097500
0.095000
0.087500
0.075000
0.057500
0.035000
0.007500
-0.025000
-0.062500
-0.105000
-0.152500
-0.205000
-0.262500
-0.325000
-0.392500
-0.465000
-0.542500
-0.625000
-0.712500
-0.805000
-0.902500
-1.000000
-0.902500
-0.810000
-0.722500
-0.640000
-0.562500
-0.490000
-0.422500
-0.360000
-0.302500
-0.250000
-0.202500
-0.160000
-0.122500
-0.090000
-0.062500
-0.040000
-0.022500
-0.010000
-0.002500
0.000000
-0.002500
-0.010000
-0.022500
-0.040000
-0.062500
-0.090000
-0.122500
-0.160000
-0.202500
-0.250000
-0.302500
-0.360000
-0.422500
-0.490000
-0.562500
-0.640000
-0.722500
-0.810000
-0.902500
-1.000000
